2 0.34296875 0.8265625 0.12109375 0.346875
2 0.3625 0.53984375 0.09140625 0.39296875
2 0.265625 0.3703125 0.0828125 0.33203125
2 0.21875 0.2984375 0.06484375 0.31640625
1 0.2875 0.85546875 0.0328125 0.0484375
1 0.35 0.61328125 0.0265625 0.04140625
1 0.2546875 0.42578125 0.02109375 0.0296875
1 0.21875 0.38359375 0.02109375 0.0296875
0 0.21953125 0.16484375 0.02109375 0.04296875
0 0.26171875 0.228125 0.02109375 0.04296875
0 0.3359375 0.29609375 0.02265625 0.04140625
0 0.35859375 0.371875 0.0265625 0.0453125
1 0.22109375 0.08046875 0.01484375 0.021875
0 0.3359375 0.69140625 0.03359375 0.05859375
0 0.2796875 0.55 0.03515625 0.06015625
0 0.2984375 0.55234375 0.02109375 0.06015625
2 0.29453125 0.7359375 0.0984375 0.4265625
2 0.21796875 0.075 0.04609375 0.14296875