2 0.10859375 0.51953125 0.12265625 0.45
0 0.109375 0.33203125 0.0359375 0.06328125
1 0.09375 0.60703125 0.02890625 0.03671875
2 0.228125 0.6515625 0.1171875 0.46484375
0 0.24140625 0.4546875 0.0296875 0.0515625
1 0.2015625 0.7296875 0.0296875 0.0453125
2 0.4421875 0.64140625 0.11640625 0.45859375
0 0.4390625 0.44453125 0.0328125 0.05703125
1 0.4296875 0.72265625 0.0296875 0.04140625
2 0.7296875 0.775 0.1234375 0.45
0 0.7453125 0.59609375 0.0375 0.075
1 0.740625 0.90546875 0.03125 0.046875
2 0.61953125 0.52265625 0.1 0.375
0 0.63984375 0.36796875 0.02734375 0.0453125
0 0.6203125 0.35703125 0.02109375 0.03203125
1 0.61171875 0.5765625 0.025 0.03828125
2 0.6921875 0.41796875 0.08984375 0.3546875
0 0.690625 0.2703125 0.0234375 0.05
1 0.684375 0.509375 0.0234375 0.03828125
2 0.3 0.471875 0.11015625 0.3984375
0 0.29765625 0.29609375 0.02890625 0.03828125
1 0.2921875 0.60078125 0.025 0.03828125
2 0.1828125 0.4390625 0.0875 0.39140625
0 0.1890625 0.27265625 0.02890625 0.046875
1 0.18125 0.5046875 0.0265625 0.04140625
0 0.05703125 0.14140625 0.02109375 0.03671875
0 0.05390625 0.11015625 0.02265625 0.04140625
0 0.128125 0.16484375 0.025 0.0515625
0 0.1234375 0.2890625 0.0296875 0.06640625
0 0.1953125 0.1984375 0.025 0.0546875
0 0.28984375 0.20078125 0.0234375 0.0515625
0 0.2984375 0.25 0.02734375 0.05
2 0.3515625 0.3734375 0.08515625 0.34140625
0 0.36015625 0.2296875 0.02265625 0.046875
1 0.35703125 0.4328125 0.0234375 0.03671875
0 0.3734375 0.18046875 0.02890625 0.06171875
0 0.4296875 0.20859375 0.0296875 0.03984375
2 0.41640625 0.353125 0.08515625 0.34140625
1 0.42421875 0.42890625 0.0203125 0.03203125
2 0.484375 0.41484375 0.0875 0.33203125
0 0.49296875 0.271875 0.0203125 0.03359375
1 0.478125 0.490625 0.025 0.03671875
0 0.5015625 0.2046875 0.0328125 0.03984375
2 0.553125 0.38359375 0.09609375 0.33984375
0 0.56640625 0.23828125 0.0265625 0.04140625
1 0.55390625 0.4734375 0.02109375 0.03671875
0 0.628125 0.2140625 0.02109375 0.0484375