2 0.5796875 0.54296875 0.1265625 0.4296875
2 0.12578125 0.3703125 0.0921875 0.3796875
2 0.2640625 0.31328125 0.0875 0.36640625
2 0.38359375 0.52734375 0.09765625 0.40703125
2 0.49765625 0.2171875 0.07890625 0.321875
2 0.590625 0.25234375 0.09140625 0.31484375
1 0.32421875 0.1578125 0.02890625 0.03515625
1 0.2515625 0.37265625 0.01875 0.03359375
1 0.37421875 0.5984375 0.02265625 0.03671875
1 0.49140625 0.278125 0.01640625 0.0296875
1 0.4546875 0.09296875 0.0140625 0.025
1 0.525 0.040625 0.0125 0.01640625
1 0.590625 0.31953125 0.01640625 0.025
1 0.57421875 0.659375 0.0234375 0.03984375
1 0.1203125 0.44296875 0.02109375 0.03515625
1 0.11171875 0.25078125 0.01484375 0.021875
2 0.12109375 0.17265625 0.07265625 0.2953125
1 0.06796875 0.07890625 0.0265625 0.03828125
0 0.134375 0.21015625 0.02265625 0.03828125
0 0.271875 0.17265625 0.02109375 0.03828125
0 0.38671875 0.35390625 0.025 0.03828125
0 0.5 0.090625 0.02265625 0.03515625
0 0.5984375 0.13203125 0.02265625 0.03515625
0 0.58828125 0.371875 0.03125 0.06484375
0 0.5953125 0.03046875 0.01640625 0.0296875