2 0.5328125 0.3546875 0.08515625 0.3703125
2 0.35703125 0.28359375 0.07265625 0.31171875
2 0.1578125 0.66640625 0.09765625 0.4796875
2 0.121875 0.51328125 0.0890625 0.39140625
2 0.1921875 0.3484375 0.0765625 0.33671875
2 0.04140625 0.3640625 0.0796875 0.346875
2 0.10703125 0.23828125 0.07109375 0.31015625
2 0.1484375 0.134375 0.06640625 0.26640625
0 0.4984375 0.75 0.0421875 0.11015625
0 0.5421875 0.209375 0.02734375 0.06171875
0 0.36015625 0.15859375 0.0234375 0.0515625
0 0.1921875 0.20546875 0.0203125 0.0484375
0 0.1640625 0.465625 0.0328125 0.05703125
0 0.12109375 0.34140625 0.02734375 0.03828125
0 0.03671875 0.21640625 0.0234375 0.046875
0 0.1109375 0.11015625 0.025 0.03984375
0 0.03125 0.63671875 0.0390625 0.06171875
0 0.0125 0.6359375 0.025 0.06640625
0 0.70703125 0.103125 0.02109375 0.03515625
0 0.203125 0.13515625 0.0171875 0.03984375
0 0.146875 0.0234375 0.0203125 0.03671875
1 0.109375 0.596875 0.0234375 0.03828125
1 0.1390625 0.78515625 0.02734375 0.0484375
1 0.3484375 0.3390625 0.0203125 0.028125
1 0.17734375 0.45 0.02109375 0.03359375
1 0.09296875 0.29921875 0.02265625 0.028125
1 0.53984375 0.4234375 0.0203125 0.03671875
1 0.31875 0.02265625 0.01484375 0.01796875
1 0.7390625 0.2671875 0.0125 0.03203125
2 0.04609375 0.7921875 0.0921875 0.378125
2 0.4875 0.8453125 0.13125 0.309375
2 0.20625 0.23359375 0.06484375 0.23671875
2 0.16796875 0.08828125 0.04140625 0.1765625
2 0.68984375 0.2234375 0.12265625 0.278125