2 0.11171875 0.765625 0.1046875 0.4484375
0 0.1109375 0.5765625 0.03125 0.06015625
1 0.09609375 0.86640625 0.03125 0.05
0 0.08359375 0.96015625 0.0375 0.05859375
2 0.3125 0.68203125 0.10859375 0.48203125
0 0.31484375 0.47109375 0.02890625 0.0546875
1 0.29921875 0.80390625 0.02890625 0.0515625
2 0.1453125 0.5796875 0.08359375 0.36640625
0 0.13359375 0.42734375 0.0296875 0.0546875
0 0.13671875 0.47890625 0.03515625 0.053125
2 0.153125 0.3203125 0.06484375 0.31796875
0 0.15078125 0.184375 0.025 0.04296875
1 0.1546875 0.425 0.0203125 0.03671875
2 0.20625 0.43359375 0.08125 0.38671875
1 0.19140625 0.5125 0.0234375 0.046875
2 0.32421875 0.42265625 0.0859375 0.2484375
0 0.321875 0.3234375 0.025 0.0484375
2 0.4703125 0.55859375 0.0859375 0.453125
0 0.47109375 0.3703125 0.0328125 0.06796875
1 0.46953125 0.6484375 0.0265625 0.04296875
2 0.3015625 0.31015625 0.0578125 0.31328125
0 0.30078125 0.17421875 0.01875 0.04140625
1 0.29921875 0.371875 0.0203125 0.028125
2 0.35625 0.246875 0.0640625 0.29140625
0 0.3578125 0.1234375 0.0234375 0.0453125
1 0.3484375 0.2984375 0.01875 0.0296875
2 0.384375 0.3390625 0.0625 0.31328125
0 0.3890625 0.2015625 0.02109375 0.03203125
1 0.37890625 0.3890625 0.02109375 0.03359375
2 0.52421875 0.36015625 0.07109375 0.346875
0 0.5234375 0.209375 0.0265625 0.04296875
1 0.521875 0.4296875 0.02109375 0.03671875
2 0.58984375 0.24140625 0.0671875 0.2953125
0 0.59296875 0.11328125 0.02265625 0.03671875
0 0.59453125 0.1265625 0.01875 0.028125
1 0.590625 0.29609375 0.0203125 0.0296875
2 0.5171875 0.1640625 0.0484375 0.19140625
0 0.51796875 0.0859375 0.02109375 0.03828125
2 0.4859375 0.175 0.0453125 0.26328125
0 0.48828125 0.06328125 0.0171875 0.03359375
1 0.47890625 0.25234375 0.01484375 0.028125
2 0.42578125 0.10546875 0.0484375 0.2109375
1 0.42578125 0.13359375 0.01640625 0.0234375
1 0.33828125 0.0921875 0.0390625 0.184375
1 0.2109375 0.1328125 0.0234375 0.0453125
1 0.11796875 0.30390625 0.02109375 0.03671875
0 0.9171875 0.0953125 0.01875 0.04140625