2 0.1859375 0.34453125 0.09375 0.3546875
2 0.32578125 0.3734375 0.08515625 0.35
2 0.5078125 0.803125 0.1609375 0.39296875
2 0.28828125 0.15546875 0.05859375 0.26171875
2 0.3890625 0.23671875 0.07109375 0.2953125
0 0.19140625 0.20546875 0.02265625 0.0484375
1 0.1640625 0.44609375 0.02109375 0.03828125
0 0.32734375 0.23515625 0.025 0.04296875
1 0.30859375 0.44921875 0.02265625 0.03828125
1 0.28046875 0.24296875 0.01640625 0.028125
1 0.37421875 0.315625 0.01875 0.03203125
0 0.39375 0.11171875 0.01640625 0.03515625
0 0.296875 0.0421875 0.0171875 0.0296875
0 0.53515625 0.67890625 0.0390625 0.06328125
0 0.5125 0.6546875 0.0421875 0.06640625
2 0.09921875 0.090625 0.0609375 0.1765625
2 0.1984375 0.06796875 0.05 0.1265625
2 0.25859375 0.08828125 0.05234375 0.16171875
2 0.334375 0.07265625 0.0515625 0.1265625
2 0.39296875 0.0828125 0.0609375 0.14140625
1 0.096875 0.10546875 0.0171875 0.0265625
1 0.20078125 0.0625 0.01484375 0.0234375
1 0.2609375 0.0921875 0.01640625 0.021875
1 0.3328125 0.0640625 0.01484375 0.0234375
1 0.40859375 0.08984375 0.01484375 0.021875