2 0.5234375 0.340625 0.0953125 0.36796875
2 0.29765625 0.7265625 0.1140625 0.49140625
2 0.090625 0.71640625 0.12109375 0.4484375
2 0.5203125 0.796875 0.12734375 0.4
2 0.35859375 0.38515625 0.0828125 0.346875
2 0.1921875 0.49765625 0.1140625 0.3765625
2 0.0265625 0.19453125 0.0515625 0.26171875
2 0.1046875 0.23671875 0.0734375 0.278125
2 0.20859375 0.2453125 0.06875 0.26640625
2 0.31015625 0.30078125 0.0640625 0.2984375
2 0.4234375 0.16484375 0.075 0.26015625
0 0.06875 0.53984375 0.0296875 0.0703125
0 0.10078125 0.91640625 0.05 0.096875
0 0.2765625 0.521875 0.0359375 0.05859375
0 0.50078125 0.65078125 0.0390625 0.08359375
0 0.5046875 0.190625 0.02734375 0.053125
0 0.34140625 0.2375 0.025 0.05
0 0.30390625 0.175 0.0203125 0.046875
0 0.19609375 0.12734375 0.02109375 0.03515625
0 0.0984375 0.1234375 0.0203125 0.04296875
0 0.35859375 0.10703125 0.01484375 0.04296875
0 0.3703125 0.115625 0.0171875 0.04140625
0 0.41328125 0.05390625 0.0203125 0.03203125
1 0.28671875 0.84921875 0.0265625 0.04296875
1 0.5203125 0.96484375 0.0328125 0.0515625
1 0.51796875 0.40859375 0.0203125 0.03359375
1 0.35390625 0.45078125 0.0203125 0.03359375
1 0.3171875 0.38046875 0.0171875 0.0265625
1 0.4265625 0.20390625 0.0171875 0.0265625
1 0.37421875 0.271875 0.0171875 0.03203125
1 0.2078125 0.31328125 0.01875 0.0265625
1 0.103125 0.2921875 0.02109375 0.0265625
1 0.01171875 0.271875 0.01484375 0.025
1 0.07734375 0.8046875 0.0265625 0.03828125
1 0.17890625 0.33671875 0.025 0.0484375
1 0.00859375 0.08359375 0.01484375 0.03359375
1 0.3578125 0.03359375 0.0125 0.025
1 0.29453125 0.15546875 0.0125 0.01796875
2 0.29140625 0.090625 0.0546875 0.153125
2 0.1796875 0.0984375 0.04765625 0.14296875
0 0.1609375 0.2046875 0.0203125 0.03828125
0 0.146875 0.1921875 0.0171875 0.03828125
2 0.1546875 0.3015625 0.0703125 0.26015625