2 0.25859375 0.11171875 0.05859375 0.21328125
2 0.28828125 0.28046875 0.0671875 0.2984375
2 0.11640625 0.8625 0.1125 0.271875
2 0.16484375 0.6609375 0.11640625 0.45
2 0.22578125 0.15859375 0.0625 0.3015625
2 0.7453125 0.2046875 0.0890625 0.2796875
2 0.0515625 0.78828125 0.10234375 0.421875
0 0.040625 0.61953125 0.0390625 0.06640625
2 0.13671875 0.0921875 0.06015625 0.178125
2 0.44765625 0.39453125 0.0796875 0.371875
2 0.44453125 0.115625 0.0546875 0.23125
0 0.159375 0.4546875 0.02890625 0.053125
1 0.13046875 0.12421875 0.0140625 0.0234375
2 0.503125 0.0546875 0.053125 0.109375
1 0.0203125 0.96171875 0.0328125 0.053125
1 0.2609375 0.15546875 0.01640625 0.025
1 0.22421875 0.21484375 0.01640625 0.025
1 0.4390625 0.15078125 0.01640625 0.025
2 0.38828125 0.06328125 0.04765625 0.1265625
1 0.2828125 0.36796875 0.01875 0.0296875
1 0.15 0.77734375 0.0296875 0.0453125
0 0.440625 0.01171875 0.01640625 0.0234375
0 0.74609375 0.08515625 0.01875 0.03359375
2 0.3015625 0.12734375 0.05625 0.23515625
1 0.4515625 0.45390625 0.02265625 0.0296875
0 0.28515625 0.15078125 0.0171875 0.03203125
0 0.1046875 0.771875 0.0421875 0.0796875
0 0.30234375 0.025 0.01640625 0.03515625
1 0.49921875 0.03671875 0.0140625 0.01640625
0 0.2234375 0.046875 0.01875 0.03515625
1 0.3890625 0.0578125 0.01484375 0.028125
1 0.771875 0.27265625 0.0171875 0.03203125