2 0.253125 0.37578125 0.0828125 0.3453125
2 0.32265625 0.2625 0.07109375 0.3046875
2 0.49453125 0.1546875 0.0953125 0.271875
2 0.19140625 0.1453125 0.05390625 0.24296875
2 0.2671875 0.10859375 0.05625 0.196875
0 0.1453125 0.8 0.0421875 0.071875
0 0.325 0.1328125 0.01875 0.03515625
0 0.3171875 0.040625 0.01875 0.03203125
0 0.3140625 0.134375 0.01640625 0.03203125
0 0.48671875 0.0390625 0.02109375 0.03359375
1 0.1 0.08046875 0.0234375 0.028125
1 0.1890625 0.1734375 0.01640625 0.025
1 0.275 0.14453125 0.0171875 0.0265625
1 0.32421875 0.3140625 0.01875 0.0296875
1 0.25390625 0.4234375 0.02109375 0.03359375
1 0.52578125 0.21796875 0.01640625 0.0234375
1 0.3703125 0.0140625 0.0125 0.01640625
1 0.2984375 0.071875 0.0140625 0.0203125
1 0.7859375 0.23359375 0.0140625 0.025
0 0.9171875 0.0671875 0.0171875 0.03359375
2 0.15703125 0.88046875 0.11875 0.23828125