2 0.2609375 0.65234375 0.09140625 0.46015625
2 0.1859375 0.44609375 0.0734375 0.36484375
2 0.0609375 0.36171875 0.0765625 0.3265625
2 0.421875 0.19453125 0.0625 0.2796875
2 0.2578125 0.1828125 0.0515625 0.271875
2 0.13125 0.14453125 0.04609375 0.2515625
0 0.0546875 0.225 0.02265625 0.04296875
1 0.0515625 0.434375 0.02109375 0.03203125
1 0.1703125 0.575 0.02109375 0.03203125
1 0.26015625 0.228125 0.01484375 0.025
1 0.4265625 0.2453125 0.01640625 0.0234375
1 0.24921875 0.79140625 0.025 0.04296875
0 0.15390625 0.70546875 0.0375 0.08203125
0 0.18046875 0.28515625 0.0203125 0.03828125
0 0.13671875 0.040625 0.01484375 0.03984375
0 0.16171875 0.11328125 0.0171875 0.03203125
1 0.13046875 0.18984375 0.01640625 0.0234375
0 0.42109375 0.08046875 0.0203125 0.0453125
0 0.98046875 0.6875 0.03359375 0.075
0 0.2546875 0.46640625 0.025 0.0453125
2 0.1640625 0.82734375 0.12265625 0.33203125
2 0.47890625 0.0984375 0.0796875 0.196875
0 0.259375 0.06484375 0.01875 0.03828125
0 0.1734375 0.21484375 0.0265625 0.06171875
0 0.2859375 0.0265625 0.01640625 0.03359375
2 0.28671875 0.1359375 0.04140625 0.2515625
1 0.50859375 0.12109375 0.0125 0.0234375