2 0.08203125 0.74609375 0.1546875 0.44296875
1 0.03828125 0.884375 0.0359375 0.06015625
0 0.0828125 0.56484375 0.03984375 0.06484375
2 0.28515625 0.6671875 0.13359375 0.46640625
0 0.2953125 0.471875 0.03359375 0.06484375
1 0.25546875 0.7421875 0.0328125 0.0546875
0 0.225 0.39921875 0.0328125 0.05703125
2 0.16015625 0.47421875 0.10625 0.4203125
0 0.1703125 0.29296875 0.03125 0.0484375
1 0.14375 0.54765625 0.0328125 0.046875
2 0.2828125 0.42734375 0.09140625 0.3515625
1 0.275 0.4984375 0.025 0.04140625
2 0.0578125 0.3484375 0.10625 0.36484375
0 0.06796875 0.19609375 0.02890625 0.0453125
1 0.07734375 0.41015625 0.02734375 0.04296875
2 0.12265625 0.32265625 0.0953125 0.35
1 0.1171875 0.3828125 0.0234375 0.03671875
0 0.1296875 0.17890625 0.02734375 0.04140625
0 0.14140625 0.1703125 0.02265625 0.03359375
0 0.1765625 0.13203125 0.0234375 0.05
0 0.203125 0.1875 0.0328125 0.0453125
0 0.2546875 0.209375 0.0296875 0.053125
0 0.2578125 0.146875 0.0234375 0.04296875
0 0.2984375 0.18203125 0.025 0.046875
2 0.34921875 0.290625 0.08984375 0.3453125
0 0.3578125 0.146875 0.025 0.0453125
1 0.33984375 0.3609375 0.02265625 0.03828125
2 0.3953125 0.384375 0.1203125 0.36796875
0 0.39609375 0.2359375 0.0234375 0.046875
0 0.4109375 0.23203125 0.0234375 0.0484375
1 0.3734375 0.50390625 0.025 0.03671875
2 0.4609375 0.31015625 0.0953125 0.325
0 0.46875 0.17421875 0.0265625 0.03828125
1 0.45625 0.39765625 0.02265625 0.03515625
2 0.56875 0.30234375 0.09609375 0.3265625
1 0.55078125 0.3625 0.02265625 0.03515625
2 0.5046875 0.48671875 0.10625 0.4
1 0.49375 0.565625 0.02890625 0.04140625
0 0.5140625 0.32265625 0.03359375 0.06328125
2 0.66875 0.38046875 0.0984375 0.378125
0 0.684375 0.228125 0.0296875 0.05
1 0.66171875 0.49296875 0.0265625 0.04140625
2 0.7875 0.68984375 0.1703125 0.46015625
0 0.765625 0.49609375 0.03125 0.06015625
0 0.79453125 0.4984375 0.0328125 0.05859375
1 0.7328125 0.778125 0.0296875 0.05
2 0.903125 0.53671875 0.1109375 0.4046875
0 0.90078125 0.365625 0.0296875 0.0546875
1 0.878125 0.6046875 0.0296875 0.046875
2 0.91015625 0.334375 0.1265625 0.3453125
0 0.909375 0.1921875 0.0296875 0.0453125
1 0.92265625 0.41015625 0.0234375 0.03828125
2 0.96015625 0.5984375 0.0625 0.428125
1 0.9609375 0.73203125 0.025 0.053125
0 0.98671875 0.42734375 0.00859375 0.06640625
2 0.221875 0.58515625 0.10859375 0.428125