2 0.41328125 0.371875 0.0828125 0.3453125
2 0.8328125 0.1609375 0.1421875 0.321875
0 0.22265625 0.78828125 0.03984375 0.0796875
0 0.19921875 0.76953125 0.03515625 0.071875
0 0.2203125 0.58828125 0.02890625 0.06015625
0 0.40625 0.2328125 0.0234375 0.053125
0 0.8046875 0.04296875 0.01640625 0.0484375
0 0.821875 0.03515625 0.0140625 0.0453125
1 0.40859375 0.42109375 0.0203125 0.03203125
2 0.2109375 0.8625 0.1359375 0.26328125
2 0.23203125 0.73046875 0.09765625 0.35
2 0.26484375 0.059375 0.0421875 0.11796875
1 0.265625 0.05546875 0.01484375 0.021875