2 0.28203125 0.77109375 0.1046875 0.4578125
2 0.35390625 0.67890625 0.0921875 0.4484375
2 0.4640625 0.34140625 0.0703125 0.328125
2 0.30390625 0.34921875 0.06640625 0.31640625
2 0.35234375 0.253125 0.06875 0.2734375
1 0.1375 0.3390625 0.0296875 0.04140625
1 0.30625 0.41171875 0.02109375 0.03515625
1 0.35234375 0.7828125 0.02734375 0.04140625
1 0.2984375 0.90390625 0.02734375 0.03984375
1 0.4625 0.446875 0.01875 0.03203125
1 0.35 0.32890625 0.0171875 0.0265625
0 0.275 0.5921875 0.03359375 0.071875
0 0.34609375 0.496875 0.025 0.05703125
0 0.446875 0.2171875 0.02265625 0.04296875
0 0.4546875 0.203125 0.0171875 0.05
0 0.4203125 0.04609375 0.01640625 0.03359375
0 0.33984375 0.1453125 0.02109375 0.0453125
0 0.2953125 0.215625 0.0203125 0.03984375
0 0.46796875 0.96640625 0.0421875 0.06640625
0 0.4921875 0.96484375 0.02890625 0.0703125
0 0.1515625 0.99453125 0.040625 0.0109375
2 0.2703125 0.1359375 0.0546875 0.2296875
2 0.4640625 0.07890625 0.04765625 0.13828125
2 0.41796875 0.22265625 0.0671875 0.29140625
1 0.1015625 0.06953125 0.02109375 0.03515625
1 0.2703125 0.1671875 0.01640625 0.028125
2 0.30390625 0.16015625 0.0515625 0.2234375