2 0.50546875 0.4671875 0.08984375 0.3703125
2 0.3296875 0.5984375 0.11015625 0.46484375
2 0.1265625 0.609375 0.10859375 0.475
2 0.2390625 0.4390625 0.0875 0.39296875
2 0.3609375 0.3453125 0.0765625 0.31640625
2 0.42421875 0.1109375 0.0609375 0.221875
2 0.54453125 0.15546875 0.0609375 0.2796875
2 0.27265625 0.26328125 0.0625 0.3015625
2 0.159375 0.15546875 0.06484375 0.2765625
0 0.1296875 0.40859375 0.02734375 0.06171875
0 0.334375 0.40234375 0.02734375 0.05859375
0 0.240625 0.27734375 0.0234375 0.053125
0 0.359375 0.21484375 0.0265625 0.0484375
0 0.5109375 0.3109375 0.0234375 0.046875
0 0.50546875 0.11328125 0.025 0.03984375
0 0.54296875 0.034375 0.0171875 0.0296875
0 0.27421875 0.01484375 0.0234375 0.0296875
0 0.2234375 0.090625 0.02265625 0.04140625
0 0.2734375 0.1375 0.0234375 0.04296875
0 0.36015625 0.08515625 0.02109375 0.04296875
0 0.16640625 0.040625 0.02265625 0.04140625
0 0.01171875 0.63984375 0.0234375 0.08359375
1 0.1109375 0.721875 0.02890625 0.04140625
1 0.2296875 0.521875 0.025 0.04140625
1 0.32421875 0.67421875 0.02734375 0.04140625
1 0.1546875 0.21015625 0.01640625 0.0265625
1 0.20546875 0.40546875 0.0234375 0.03671875
1 0.4234375 0.1515625 0.01640625 0.025
1 0.54296875 0.2046875 0.01875 0.025
1 0.5015625 0.52734375 0.0234375 0.03515625
1 0.36953125 0.03671875 0.0140625 0.0203125
1 0.1484375 0.06015625 0.02265625 0.03203125
0 0.28359375 0.81328125 0.04140625 0.08203125
2 0.50078125 0.2359375 0.0703125 0.28828125
2 0.21796875 0.3140625 0.0640625 0.31015625
2 0.45 0.06015625 0.0421875 0.1203125
2 0.0328125 0.7828125 0.065625 0.375