2 0.04609375 0.68671875 0.0765625 0.4203125
0 0.0203125 0.5109375 0.025 0.06484375
2 0.2265625 0.72109375 0.11640625 0.48671875
0 0.22109375 0.51640625 0.0375 0.071875
1 0.2015625 0.8046875 0.03125 0.046875
2 0.17109375 0.4984375 0.1 0.41484375
0 0.1703125 0.34609375 0.03125 0.06171875
0 0.18203125 0.3171875 0.02734375 0.0453125
1 0.16640625 0.60234375 0.02890625 0.0453125
2 0.1328125 0.40078125 0.07734375 0.36640625
0 0.14453125 0.25078125 0.03125 0.06015625
1 0.1375 0.478125 0.0234375 0.046875
2 0.31796875 0.41796875 0.0875 0.38359375
0 0.32109375 0.25390625 0.0265625 0.05703125
1 0.31484375 0.48359375 0.02265625 0.03359375
2 0.2484375 0.51953125 0.0984375 0.2765625
0 0.2421875 0.4046875 0.03125 0.04296875
2 0.23515625 0.384375 0.0703125 0.18984375
0 0.22890625 0.31484375 0.025 0.0484375
2 0.1796875 0.253125 0.0625 0.14140625
0 0.17109375 0.20234375 0.0234375 0.03984375
2 0.1671875 0.1921875 0.04765625 0.096875
0 0.16640625 0.1578125 0.0203125 0.0265625
2 0.23046875 0.2859375 0.0546875 0.14296875
0 0.23203125 0.234375 0.0234375 0.04140625
2 0.2359375 0.20390625 0.0546875 0.14140625
0 0.2390625 0.1515625 0.01875 0.03359375
2 0.26796875 0.26796875 0.0578125 0.18203125
0 0.2671875 0.19921875 0.0203125 0.03359375
2 0.3203125 0.2296875 0.0671875 0.16328125
0 0.31875 0.16640625 0.02265625 0.03671875
2 0.3625 0.3703125 0.06640625 0.3234375
0 0.36171875 0.22734375 0.02265625 0.03828125
2 0.4140625 0.4421875 0.08984375 0.3765625
1 0.41328125 0.50234375 0.025 0.03671875
0 0.4234375 0.2796875 0.0265625 0.0484375
2 0.4453125 0.3625 0.0734375 0.328125
0 0.4359375 0.2203125 0.025 0.04296875
2 0.4984375 0.4484375 0.07734375 0.3484375
1 0.49453125 0.5203125 0.025 0.03984375
2 0.5890625 0.43671875 0.0875 0.3546875
0 0.60078125 0.2875 0.02890625 0.0515625
1 0.609375 0.4984375 0.0234375 0.03671875
2 0.64765625 0.3859375 0.07109375 0.33515625
1 0.64140625 0.47578125 0.0203125 0.03359375
0 0.6484375 0.24921875 0.025 0.03671875
0 0.63984375 0.23828125 0.025 0.03984375
2 0.5703125 0.26171875 0.06015625 0.23359375
0 0.5734375 0.16640625 0.02109375 0.03984375
2 0.528125 0.34453125 0.0734375 0.2796875
0 0.52109375 0.22890625 0.025 0.0484375
2 0.5046875 0.2296875 0.04375 0.128125
0 0.5125 0.18671875 0.0234375 0.03984375
2 0.48359375 0.2578125 0.0625 0.28515625
0 0.5 0.1375 0.0203125 0.03984375
2 0.54609375 0.12890625 0.0640625 0.1765625
0 0.5484375 0.0625 0.0234375 0.03671875
2 0.66484375 0.3390625 0.0609375 0.296875
0 0.6578125 0.20703125 0.0234375 0.028125