2 0.5140625 0.615625 0.10625 0.4453125
2 0.3359375 0.56796875 0.1 0.4203125
2 0.4703125 0.43359375 0.08515625 0.36640625
2 0.19609375 0.41796875 0.08125 0.375
2 0.3953125 0.2453125 0.0625 0.28984375
2 0.32734375 0.3203125 0.075 0.31640625
2 0.153125 0.25703125 0.0671875 0.33515625
2 0.621875 0.18359375 0.0796875 0.2984375
2 0.43359375 0.1890625 0.06015625 0.28203125
2 0.2359375 0.30390625 0.08125 0.353125
2 0.30546875 0.1296875 0.0640625 0.25703125
0 0.1515625 0.1140625 0.01875 0.0453125
0 0.23984375 0.15703125 0.02265625 0.0484375
0 0.1953125 0.2625 0.02265625 0.0546875
0 0.3296875 0.18828125 0.01875 0.04296875
0 0.3375 0.38828125 0.03125 0.0515625
0 0.4 0.1265625 0.0203125 0.03828125
0 0.43671875 0.07421875 0.0171875 0.04140625
0 0.4734375 0.27890625 0.02265625 0.0484375
0 0.5171875 0.42109375 0.0265625 0.0484375
0 0.3109375 0.028125 0.0171875 0.03828125
0 0.62265625 0.06015625 0.02109375 0.04140625
1 0.06796875 0.0921875 0.02265625 0.03671875
1 0.14921875 0.3109375 0.01875 0.028125
1 0.1984375 0.49140625 0.02265625 0.03828125
1 0.23359375 0.35859375 0.0203125 0.0265625
1 0.3171875 0.38046875 0.0203125 0.03828125
1 0.3234375 0.640625 0.025 0.03984375
1 0.4703125 0.52265625 0.02265625 0.03359375
1 0.3984375 0.32421875 0.0203125 0.0265625
1 0.4390625 0.23671875 0.0203125 0.0296875
1 0.3109375 0.18671875 0.0203125 0.028125
1 0.6421875 0.2546875 0.01640625 0.028125
1 0.50859375 0.75546875 0.0265625 0.04140625
1 0.1765625 0.003125 0.0125 0.00625
0 0.15859375 0.68046875 0.0390625 0.0765625
2 0.1671875 0.8140625 0.1203125 0.34140625
2 0.028125 0.70859375 0.05625 0.46640625
0 0.91015625 0.01484375 0.01640625 0.0296875
0 0.9265625 0.09140625 0.01875 0.04140625
2 0.3984375 0.07578125 0.04609375 0.1515625
2 0.28359375 0.090625 0.0484375 0.18125