2 0.3859375 0.740625 0.1046875 0.50859375
2 0.21875 0.56640625 0.0859375 0.40859375
2 0.4953125 0.45859375 0.07109375 0.353125
2 0.34140625 0.2421875 0.0640625 0.303125
2 0.171875 0.16640625 0.04140625 0.26640625
2 0.1296875 0.11953125 0.05390625 0.23828125
2 0.621875 0.1765625 0.0640625 0.278125
0 0.0734375 0.7125 0.0296875 0.0734375
0 0.22578125 0.39140625 0.02265625 0.046875
0 0.12265625 0.015625 0.0171875 0.03125
0 0.17421875 0.046875 0.0125 0.0296875
0 0.23984375 0.01171875 0.0125 0.0234375
0 0.3359375 0.1125 0.01875 0.04296875
0 0.38046875 0.53046875 0.0296875 0.0734375
0 0.4921875 0.30546875 0.02265625 0.046875
0 0.61875 0.06015625 0.0171875 0.03671875
0 0.8234375 0.07578125 0.01875 0.03671875
0 0.9203125 0.08046875 0.01875 0.04140625
1 0.3390625 0.29453125 0.0171875 0.028125
1 0.2109375 0.6828125 0.02109375 0.03359375
1 0.3765625 0.840625 0.025 0.04296875
1 0.5109375 0.5109375 0.0203125 0.03515625
1 0.12421875 0.16484375 0.0140625 0.0203125
1 0.17109375 0.23203125 0.0140625 0.0234375
1 0.22265625 0.3234375 0.01640625 0.0296875
2 0.08125 0.83828125 0.1109375 0.3234375
2 0.4875 0.1328125 0.0546875 0.2515625
2 0.2515625 0.1140625 0.04609375 0.228125