2 0.5078125 0.30859375 0.0671875 0.3234375
2 0.096875 0.71484375 0.08984375 0.48671875
2 0.0796875 0.315625 0.0703125 0.321875
2 0.3203125 0.13203125 0.0453125 0.23828125
2 0.3828125 0.2640625 0.06484375 0.2953125
0 0.31953125 0.03046875 0.01484375 0.03203125
0 0.38046875 0.134375 0.01640625 0.028125
0 0.390625 0.14453125 0.01875 0.03671875
0 0.4203125 0.06796875 0.01640625 0.03359375
0 0.50546875 0.18828125 0.02109375 0.0484375
1 0.315625 0.17265625 0.0140625 0.0265625
1 0.38671875 0.32890625 0.01875 0.0265625
1 0.50234375 0.3703125 0.01875 0.0265625
1 0.58046875 0.15703125 0.0140625 0.021875
1 0.434375 0.07734375 0.0125 0.0203125
0 0.0765625 0.18203125 0.0234375 0.05
0 0.10078125 0.52578125 0.0296875 0.0546875
0 0.1609375 0.66953125 0.0375 0.0734375
1 0.0890625 0.82421875 0.03125 0.0515625
1 0.0671875 0.3890625 0.0203125 0.03359375
1 0.09765625 0.11171875 0.0140625 0.021875
0 0.2875 0.96171875 0.0421875 0.0734375
0 0.9203125 0.13515625 0.02109375 0.0515625
1 0.00703125 0.5265625 0.0140625 0.03984375
2 0.01875 0.4671875 0.0375 0.33203125
2 0.57421875 0.109375 0.0484375 0.18828125
2 0.49140625 0.12109375 0.0453125 0.2203125
2 0.41328125 0.17265625 0.05 0.2546875
2 0.28046875 0.109375 0.04375 0.20703125
2 0.09140625 0.08828125 0.04765625 0.1734375
2 0.1671875 0.81171875 0.11015625 0.36328125