2 0.3640625 0.48359375 0.09609375 0.39296875
0 0.36484375 0.321875 0.03515625 0.06171875
1 0.35078125 0.56328125 0.0234375 0.04140625
2 0.15859375 0.421875 0.08984375 0.38359375
0 0.15546875 0.26171875 0.0265625 0.0515625
1 0.140625 0.5046875 0.02265625 0.0453125
2 0.25546875 0.29609375 0.07734375 0.33515625
0 0.2578125 0.15546875 0.03125 0.0546875
1 0.2453125 0.346875 0.025 0.03828125
2 0.14296875 0.178125 0.06484375 0.2546875
0 0.14296875 0.0765625 0.0234375 0.04140625
0 0.15234375 0.11015625 0.0203125 0.04140625
2 0.315625 0.328125 0.0921875 0.38515625
1 0.3109375 0.4125 0.0234375 0.04296875
0 0.2734375 0.07578125 0.025 0.0453125
0 0.3140625 0.046875 0.0203125 0.03671875
2 0.371875 0.11953125 0.0609375 0.23828125
0 0.375 0.01015625 0.02265625 0.0203125
1 0.375 0.17265625 0.01875 0.0296875
2 0.49375 0.1765625 0.05859375 0.2765625
0 0.49765625 0.059375 0.02109375 0.03515625
1 0.49140625 0.22578125 0.0203125 0.03515625
2 0.45390625 0.103125 0.0609375 0.20625
1 0.46328125 0.13671875 0.0171875 0.025
0 0.46015625 0.00390625 0.0203125 0.0078125
2 0.51015625 0.05390625 0.0484375 0.1078125
1 0.515625 0.05390625 0.0140625 0.0203125
0 0.8515625 0.065625 0.02109375 0.03828125
2 0.06015625 0.0703125 0.05 0.13984375
1 0.0578125 0.1015625 0.01484375 0.025
1 0.11328125 0.16640625 0.02109375 0.028125
0 0.9234375 0.07890625 0.0203125 0.03671875