2 0.43984375 0.5484375 0.08359375 0.421875
2 0.60390625 0.54765625 0.08515625 0.41328125
2 0.49765625 0.27890625 0.0703125 0.33203125
2 0.575 0.26328125 0.0609375 0.3
2 0.63203125 0.3671875 0.0578125 0.3203125
2 0.1796875 0.6328125 0.0890625 0.45703125
2 0.07265625 0.40390625 0.08125 0.36796875
2 0.03671875 0.7625 0.0734375 0.45859375
2 0.46015625 0.12734375 0.0453125 0.23359375
2 0.4328125 0.17890625 0.025 0.24296875
2 0.5359375 0.1484375 0.05 0.2515625
0 0.46015625 0.02734375 0.01484375 0.0265625
0 0.49609375 0.13515625 0.02109375 0.03671875
0 0.58359375 0.1375 0.01484375 0.0296875
0 0.57421875 0.1375 0.0125 0.03203125
0 0.6328125 0.22578125 0.01875 0.03203125
0 0.4390625 0.36640625 0.02265625 0.05
0 0.6046875 0.36953125 0.02265625 0.0484375
0 0.48828125 0.10390625 0.01484375 0.0234375
0 0.01953125 0.5640625 0.03125 0.0515625
0 0.17890625 0.43984375 0.025 0.0515625
0 0.32890625 0.83359375 0.0375 0.06796875
0 0.6125 0.96796875 0.03984375 0.06328125
1 0.009375 0.90859375 0.01875 0.04296875
1 0.1671875 0.70546875 0.0265625 0.04140625
1 0.42421875 0.63671875 0.0265625 0.03984375
1 0.0671875 0.51015625 0.0234375 0.0296875
1 0.29453125 0.378125 0.0375 0.05
1 0.6078125 0.615625 0.0265625 0.03671875
1 0.4984375 0.33515625 0.02109375 0.025
1 0.5734375 0.30859375 0.0171875 0.0265625
1 0.540625 0.18671875 0.01640625 0.025
1 0.45625 0.1703125 0.01484375 0.025
1 0.14921875 0.028125 0.0125 0.021875
1 0.50625 0.03671875 0.0125 0.0234375