2 0.45390625 0.325 0.07734375 0.33671875
0 0.4515625 0.1828125 0.02265625 0.03671875
1 0.45546875 0.40546875 0.0171875 0.03359375
2 0.55390625 0.32109375 0.07890625 0.35859375
1 0.540625 0.3734375 0.02109375 0.0296875
2 0.35859375 0.5078125 0.09140625 0.39296875
2 0.06171875 0.6984375 0.0984375 0.453125
2 0.2109375 0.509375 0.0703125 0.403125
2 0.5765625 0.78359375 0.1046875 0.4234375
2 0.6515625 0.578125 0.08515625 0.46640625
2 0.11796875 0.55234375 0.0859375 0.38671875
2 0.27734375 0.6140625 0.0765625 0.44140625
0 0.103125 0.38671875 0.02265625 0.046875
0 0.053125 0.50859375 0.03125 0.0546875
0 0.1125 0.22578125 0.02265625 0.03828125
0 0.15625 0.1765625 0.02109375 0.05
0 0.2390625 0.1765625 0.01640625 0.03984375
0 0.3390625 0.16640625 0.0234375 0.0515625
0 0.35546875 0.340625 0.025 0.03828125
0 0.2046875 0.33515625 0.025 0.0546875
0 0.17421875 0.27109375 0.025 0.0484375
0 0.3890625 0.76640625 0.0359375 0.0765625
0 0.43125 0.7640625 0.03984375 0.08671875
0 0.42734375 0.5484375 0.03359375 0.071875
0 0.57734375 0.61640625 0.0390625 0.0703125
0 0.6515625 0.40078125 0.0296875 0.075
1 0.0421875 0.8171875 0.025 0.0453125
1 0.203125 0.590625 0.02109375 0.03828125
1 0.27421875 0.6890625 0.0234375 0.03359375
1 0.35625 0.65078125 0.02109375 0.03515625
1 0.23984375 0.36640625 0.01875 0.0296875
0 0.2875 0.24765625 0.0203125 0.03984375
2 0.9390625 0.57734375 0.09375 0.403125
0 0.94140625 0.4015625 0.025 0.0484375
0 0.05 0.91328125 0.03984375 0.08515625
2 0.4359375 0.7046875 0.1171875 0.38671875
1 0.5453125 0.95703125 0.0328125 0.0546875
1 0.6390625 0.72890625 0.02734375 0.05
1 0.92890625 0.68984375 0.0265625 0.0484375
0 0.82890625 0.9234375 0.05 0.10859375
2 0.1703125 0.4140625 0.05625 0.325
2 0.11484375 0.33359375 0.05390625 0.28359375
2 0.2390625 0.28828125 0.06015625 0.25859375
2 0.2828125 0.3625 0.06015625 0.2765625
2 0.3390625 0.3015625 0.06640625 0.31484375