2 0.45546875 0.771875 0.1125 0.4546875
2 0.16796875 0.69140625 0.10625 0.4765625
2 0.38046875 0.59296875 0.1078125 0.4015625
2 0.36484375 0.2640625 0.075 0.28671875
2 0.42734375 0.18359375 0.06640625 0.2734375
2 0.49921875 0.128125 0.06640625 0.2484375
1 0.1765625 0.19453125 0.025 0.03984375
1 0.36953125 0.3671875 0.0171875 0.0296875
1 0.4296875 0.225 0.0171875 0.028125
1 0.503125 0.1671875 0.0203125 0.0296875
1 0.38359375 0.721875 0.02890625 0.04296875
1 0.4421875 0.8515625 0.02890625 0.0453125
1 0.16015625 0.7671875 0.0296875 0.05
1 0.2921875 0.06484375 0.01484375 0.0234375
1 0.44765625 0.0265625 0.01484375 0.0234375
0 0.35703125 0.14453125 0.02109375 0.03828125
0 0.4203125 0.07265625 0.0203125 0.0453125
0 0.3671875 0.42734375 0.0328125 0.05703125
0 0.44140625 0.5828125 0.03359375 0.06328125
0 0.14921875 0.48984375 0.0328125 0.06171875
0 0.4890625 0.02109375 0.0171875 0.0296875