2 0.3234375 0.56953125 0.08515625 0.41171875
2 0.25 0.790625 0.0953125 0.41796875
2 0.38515625 0.803125 0.09609375 0.39296875
2 0.45234375 0.65078125 0.09140625 0.43359375
1 0.1703125 0.40859375 0.03984375 0.0484375
0 0.25546875 0.62265625 0.0296875 0.06484375
0 0.3203125 0.3890625 0.025 0.0484375
0 0.384375 0.65234375 0.03359375 0.0765625
0 0.4671875 0.47890625 0.02890625 0.06328125
0 0.44765625 0.4671875 0.0265625 0.053125
1 0.3046875 0.64296875 0.02109375 0.03984375
1 0.23515625 0.97734375 0.0265625 0.0453125
2 0.8671875 0.228125 0.11640625 0.28203125
0 0.8390625 0.11796875 0.01875 0.03984375
0 0.8609375 0.11328125 0.0171875 0.03515625
2 0.4625 0.09765625 0.0421875 0.16796875
1 0.4625 0.10234375 0.01484375 0.025