2 0.49609375 0.47265625 0.0703125 0.36640625
2 0.4 0.34765625 0.06875 0.3484375
2 0.32734375 0.459375 0.07109375 0.38828125
2 0.59921875 0.42265625 0.0875 0.3953125
2 0.6390625 0.234375 0.00234375 0.0015625
2 0.69453125 0.3859375 0.0609375 0.35
2 0.20625 0.47734375 0.075 0.4015625
2 0.22890625 0.09609375 0.07265625 0.19140625
2 0.515625 0.83515625 0.1171875 0.296875
0 0.2109375 0.77734375 0.0359375 0.08203125
0 0.5296875 0.7328125 0.0296875 0.071875
0 0.5046875 0.71640625 0.0359375 0.06171875
0 0.3203125 0.29140625 0.025 0.0453125
0 0.19375 0.3046875 0.02265625 0.05
0 0.23203125 0.26015625 0.02265625 0.04140625
0 0.2828125 0.2109375 0.0203125 0.03984375
0 0.23671875 0.19296875 0.02109375 0.03984375
0 0.30234375 0.16796875 0.01875 0.04296875
0 0.39296875 0.20234375 0.02734375 0.0546875
0 0.43046875 0.17890625 0.02109375 0.03984375
0 0.49453125 0.234375 0.025 0.0515625
0 0.565625 0.2 0.02265625 0.04296875
0 0.59609375 0.2515625 0.02265625 0.0453125
0 0.61484375 0.1671875 0.0203125 0.03828125
0 0.6921875 0.234375 0.02265625 0.03984375
0 0.48984375 0.30546875 0.02265625 0.03984375
1 0.2 0.559375 0.02265625 0.03671875
1 0.31640625 0.575 0.01875 0.03359375
1 0.40234375 0.421875 0.01875 0.03671875
1 0.44375 0.38828125 0.01875 0.0296875
1 0.5046875 0.553125 0.025 0.03828125
1 0.5921875 0.48671875 0.02109375 0.03515625
1 0.65 0.40390625 0.01875 0.03984375
1 0.6984375 0.45859375 0.02109375 0.04140625
1 0.275 0.40859375 0.0171875 0.025
1 0.1484375 0.490625 0.0171875 0.0265625
1 0.0390625 0.8453125 0.0234375 0.03671875
0 0.0390625 0.553125 0.0328125 0.06015625
0 0.06875 0.540625 0.0265625 0.05703125
0 0.1078125 0.3578125 0.025 0.04296875
0 0.08125 0.23828125 0.02265625 0.04296875
0 0.10703125 0.20078125 0.02109375 0.04296875
0 0.10703125 0.30859375 0.02890625 0.05
0 0.14609375 0.2703125 0.025 0.03984375
0 0.1640625 0.20859375 0.0234375 0.053125
0 0.66328125 0.2078125 0.0203125 0.03515625
0 0.0890625 0.778125 0.0265625 0.06640625
2 0.06953125 0.73046875 0.1109375 0.44296875
2 0.4421875 0.31953125 0.0546875 0.33359375
2 0.1546875 0.409375 0.0640625 0.33828125
2 0.1015625 0.865625 0.1203125 0.26484375
2 0.2234375 0.86171875 0.125 0.26640625
2 0.1171875 0.515625 0.0953125 0.36640625
2 0.24140625 0.41015625 0.06640625 0.3484375
2 0.28359375 0.35859375 0.05625 0.328125
1 0.2421875 0.10390625 0.01484375 0.0265625