2 0.61953125 0.34296875 0.07265625 0.35859375
2 0.321875 0.49765625 0.0921875 0.3984375
2 0.1125 0.3328125 0.0703125 0.321875
2 0.17578125 0.36328125 0.0640625 0.38671875
2 0.22109375 0.315625 0.0484375 0.31796875
2 0.27421875 0.3484375 0.0609375 0.33828125
2 0.4109375 0.37265625 0.06875 0.38671875
2 0.4828125 0.35390625 0.08125 0.38671875
2 0.54765625 0.38515625 0.0796875 0.375
0 0.0359375 0.1359375 0.0234375 0.03515625
0 0.0359375 0.171875 0.025 0.046875
0 0.1109375 0.18828125 0.0234375 0.05
0 0.18203125 0.209375 0.025 0.0515625
0 0.2234375 0.17890625 0.02109375 0.03984375
0 0.27734375 0.21171875 0.02109375 0.03984375
0 0.3234375 0.32890625 0.025 0.0515625
0 0.40078125 0.203125 0.0203125 0.0484375
0 0.3484375 0.25234375 0.02109375 0.04140625
0 0.3578125 0.19765625 0.02109375 0.06015625
0 0.578125 0.06171875 0.0203125 0.04140625
0 0.62265625 0.19140625 0.01875 0.03515625
0 0.48515625 0.19921875 0.0203125 0.03984375
0 0.5484375 0.225 0.02265625 0.0484375
0 0.0296875 0.8328125 0.0421875 0.08203125
0 0.21328125 0.8828125 0.04609375 0.075
1 0.09921875 0.40078125 0.0203125 0.028125
1 0.1734375 0.4734375 0.02109375 0.03359375
1 0.2609375 0.3953125 0.01875 0.03203125
1 0.35 0.46015625 0.0203125 0.0296875
1 0.4109375 0.42734375 0.0171875 0.0265625
1 0.4671875 0.45234375 0.0171875 0.03203125
1 0.54296875 0.4625 0.01875 0.0296875
1 0.61328125 0.39921875 0.01640625 0.0296875
1 0.3265625 0.565625 0.02109375 0.03359375
1 0.2109375 0.39921875 0.0171875 0.028125