2 0.2640625 0.1046875 0.05625 0.209375
2 0.29140625 0.2734375 0.0625 0.2984375
2 0.11171875 0.85859375 0.11015625 0.278125
2 0.1640625 0.6515625 0.11015625 0.446875
2 0.23046875 0.15 0.05859375 0.3
2 0.7484375 0.2046875 0.08515625 0.278125
2 0.0484375 0.7796875 0.096875 0.425
0 0.0390625 0.6078125 0.0375 0.06484375
2 0.14296875 0.0859375 0.0578125 0.171875
2 0.4484375 0.38984375 0.075 0.371875
2 0.44921875 0.11328125 0.0515625 0.2265625
0 0.16015625 0.446875 0.02734375 0.053125
1 0.1359375 0.11484375 0.0140625 0.0234375
2 0.509375 0.05234375 0.0515625 0.1046875
1 0.01484375 0.95078125 0.0296875 0.0546875
1 0.265625 0.14765625 0.01484375 0.025
1 0.228125 0.20546875 0.01484375 0.0234375
1 0.44296875 0.1453125 0.01484375 0.025
2 0.39375 0.0609375 0.04609375 0.121875
1 0.28515625 0.3609375 0.0171875 0.0296875
1 0.14609375 0.76953125 0.0296875 0.0453125
0 0.446875 0.00859375 0.01640625 0.01640625
0 0.7515625 0.08515625 0.01875 0.03359375
2 0.30703125 0.12109375 0.05390625 0.23515625
1 0.4515625 0.45 0.02265625 0.0296875
0 0.2890625 0.14296875 0.0171875 0.03203125
0 0.1015625 0.76171875 0.04140625 0.078125
0 0.3078125 0.0171875 0.015625 0.034375
1 0.5046875 0.0328125 0.0140625 0.01640625
0 0.22890625 0.0375 0.0171875 0.03515625
1 0.39453125 0.0515625 0.01484375 0.0265625
1 0.77421875 0.2734375 0.0171875 0.03203125