2 0.046875 0.5625 0.0890625 0.40859375
2 0.1453125 0.61796875 0.09765625 0.4203125
2 0.15625 0.34921875 0.0671875 0.3234375
2 0.26171875 0.35390625 0.0703125 0.3265625
2 0.340625 0.54296875 0.07265625 0.371875
2 0.4890625 0.44921875 0.075 0.36328125
2 0.79921875 0.61171875 0.1921875 0.45
2 0.7453125 0.18828125 0.0921875 0.29140625
2 0.5171875 0.17734375 0.0625 0.28203125
2 0.3609375 0.25078125 0.0671875 0.28984375
2 0.4078125 0.12265625 0.06015625 0.2453125
0 0.0359375 0.38671875 0.03125 0.06015625
0 0.12578125 0.43984375 0.02265625 0.05
0 0.1421875 0.4453125 0.02265625 0.0546875
0 0.14765625 0.21484375 0.02109375 0.03984375
0 0.15546875 0.0984375 0.01484375 0.03828125
0 0.24375 0.1078125 0.025 0.04140625
0 0.2546875 0.2125 0.0203125 0.04140625
0 0.48046875 0.29453125 0.02265625 0.04296875
0 0.5109375 0.06796875 0.0203125 0.03828125
0 0.35859375 0.13359375 0.02109375 0.0484375
1 0.2609375 0.4125 0.01875 0.0265625
1 0.059375 0.1 0.01875 0.03203125
1 0.03828125 0.66640625 0.0234375 0.03515625
1 0.1453125 0.75 0.0265625 0.03984375
1 0.34140625 0.61171875 0.02265625 0.03671875
1 0.4953125 0.52578125 0.02265625 0.03359375
0 0.73984375 0.084375 0.01875 0.04140625
0 0.80703125 0.42734375 0.02890625 0.053125
0 0.340625 0.74609375 0.03984375 0.075
1 0.35625 0.3140625 0.01640625 0.0265625
2 0.3421875 0.85078125 0.1140625 0.28984375
2 0.46875 0.0828125 0.0484375 0.16484375
1 0.4140625 0.16953125 0.01640625 0.0265625
1 0.51640625 0.23671875 0.0171875 0.0265625
1 0.46796875 0.1046875 0.01484375 0.0265625
1 0.26796875 0.08046875 0.0140625 0.021875