2 0.6265625 0.3078125 0.1125 0.33515625
2 0.19296875 0.60859375 0.12265625 0.45859375
2 0.3734375 0.290625 0.075 0.325
2 0.24609375 0.4421875 0.0875 0.3765625
2 0.04453125 0.5609375 0.0890625 0.43828125
0 0.8015625 0.95546875 0.0515625 0.053125
0 0.1953125 0.41484375 0.02890625 0.0484375
0 0.1796875 0.4359375 0.03125 0.05
0 0.246875 0.2890625 0.0265625 0.05703125
0 0.38203125 0.15546875 0.025 0.0453125
0 0.0328125 0.37734375 0.0296875 0.05859375
0 0.63125 0.17421875 0.0234375 0.04140625
1 0.3125 0.01640625 0.0140625 0.021875
1 0.3734375 0.359375 0.01875 0.0296875
1 0.6578125 0.37265625 0.0203125 0.028125
1 0.16171875 0.7015625 0.025 0.0453125
1 0.00625 0.68984375 0.0125 0.04296875
1 0.23515625 0.5265625 0.02109375 0.03984375
2 0.0984375 0.0890625 0.0640625 0.178125