2 0.109375 0.57734375 0.1140625 0.45
0 0.0953125 0.39140625 0.03359375 0.06328125
1 0.1015625 0.66796875 0.02734375 0.03828125
2 0.23828125 0.6828125 0.1078125 0.46328125
0 0.23515625 0.484375 0.02734375 0.053125
1 0.21875 0.76640625 0.02734375 0.046875
2 0.44921875 0.62421875 0.10625 0.45703125
0 0.4296875 0.42890625 0.0296875 0.05859375
1 0.44375 0.70859375 0.02734375 0.04296875
2 0.74765625 0.71328125 0.1140625 0.49140625
0 0.74609375 0.51015625 0.0359375 0.075
1 0.7671875 0.82109375 0.0296875 0.046875
2 0.61484375 0.4671875 0.0921875 0.375
0 0.62265625 0.309375 0.0265625 0.046875
0 0.6015625 0.3015625 0.02109375 0.03203125
1 0.61171875 0.521875 0.0234375 0.03828125
2 0.67734375 0.34765625 0.0828125 0.3546875
0 0.6640625 0.2 0.02265625 0.0515625
1 0.67734375 0.43828125 0.02265625 0.03828125
2 0.29453125 0.4875 0.1015625 0.3984375
0 0.27734375 0.3140625 0.02734375 0.03984375
1 0.2984375 0.6171875 0.0234375 0.03984375
2 0.1765625 0.48046875 0.08125 0.39140625
0 0.16875 0.31484375 0.0265625 0.0484375
1 0.1796875 0.54765625 0.0234375 0.04296875
0 0.0265625 0.2140625 0.0203125 0.03671875
0 0.02109375 0.184375 0.02109375 0.04140625
0 0.0984375 0.221875 0.0234375 0.053125
0 0.10546875 0.34609375 0.02734375 0.06640625
0 0.16875 0.2390625 0.0234375 0.05703125
0 0.2625 0.221875 0.02109375 0.05
0 0.275 0.26796875 0.025 0.0515625
2 0.33671875 0.378125 0.0765625 0.34296875
0 0.33359375 0.23515625 0.02109375 0.046875
1 0.346875 0.4359375 0.02265625 0.03671875
0 0.34375 0.1828125 0.0265625 0.06328125
0 0.4015625 0.196875 0.02734375 0.04140625
2 0.39921875 0.3453125 0.0765625 0.34296875
1 0.4140625 0.41640625 0.0203125 0.03203125
2 0.47265625 0.38984375 0.0796875 0.33203125
0 0.46953125 0.2453125 0.0203125 0.03359375
1 0.47265625 0.46640625 0.0234375 0.03671875
0 0.471875 0.17734375 0.0296875 0.04140625
2 0.53828125 0.34296875 0.0875 0.33984375
0 0.5390625 0.19609375 0.0234375 0.04296875
1 0.5453125 0.4328125 0.0203125 0.03671875
0 0.59765625 0.15859375 0.0203125 0.0484375