2 0.2640625 0.40703125 0.0703125 0.36640625
2 0.184375 0.24453125 0.0921875 0.3296875
2 0.4234375 0.60234375 0.1 0.428125
2 0.49453125 0.34140625 0.0703125 0.34140625
2 0.35703125 0.265625 0.0640625 0.30703125
2 0.4953125 0.17578125 0.1125 0.28984375
2 0.38125 0.11328125 0.04765625 0.2265625
0 0.16796875 0.1078125 0.01875 0.03515625
0 0.25234375 0.26015625 0.025 0.0515625
0 0.35390625 0.1421875 0.0203125 0.0484375
0 0.4078125 0.159375 0.0171875 0.0296875
0 0.490625 0.19296875 0.0203125 0.04296875
0 0.40859375 0.47421875 0.0359375 0.071875
0 0.41953125 0.42734375 0.0296875 0.06640625
2 0.4140625 0.28828125 0.0546875 0.31015625
1 0.0484375 0.46171875 0.0328125 0.04296875
1 0.2140625 0.2875 0.0140625 0.0234375
1 0.2828125 0.009375 0.0109375 0.01640625
1 0.3859375 0.15 0.01640625 0.0265625
1 0.359375 0.35234375 0.01875 0.028125
1 0.25546875 0.4703125 0.02265625 0.0296875
1 0.4078125 0.68984375 0.0265625 0.0453125
1 0.478125 0.38984375 0.01875 0.03203125
1 0.40234375 0.36328125 0.0203125 0.0296875
1 0.54140625 0.203125 0.01640625 0.025
0 0.8953125 0.046875 0.0234375 0.03515625
0 0.37890625 0.01171875 0.0140625 0.0234375