2 0.34921875 0.6296875 0.09375 0.446875
2 0.15390625 0.4828125 0.08359375 0.38203125
2 0.2703125 0.4328125 0.0859375 0.3703125
2 0.35859375 0.12265625 0.0484375 0.23984375
1 0.0140625 0.43203125 0.02734375 0.053125
1 0.1328125 0.6203125 0.02109375 0.03671875
1 0.3390625 0.70390625 0.0265625 0.03984375
0 0.0671875 0.95859375 0.04375 0.0828125
0 0.2796875 0.28203125 0.01875 0.0484375
0 0.34375 0.4328125 0.025 0.05
0 0.1484375 0.31796875 0.02265625 0.05
1 0.2296875 0.109375 0.0109375 0.01796875
1 0.36015625 0.1609375 0.01484375 0.0234375
2 0.228125 0.09296875 0.04140625 0.18359375