2 0.7796875 0.63984375 0.11015625 0.45
2 0.69296875 0.68046875 0.1140625 0.43828125
2 0.56328125 0.44765625 0.0734375 0.3515625
2 0.41796875 0.3609375 0.06640625 0.35
2 0.06328125 0.45078125 0.07265625 0.38359375
2 0.3125 0.709375 0.09375 0.46640625
2 0.12265625 0.76640625 0.1140625 0.46640625
2 0.19765625 0.47890625 0.0703125 0.3734375
2 0.3578125 0.33828125 0.0625 0.2953125
2 0.25546875 0.5484375 0.0703125 0.40859375
0 0.0578125 0.28359375 0.02109375 0.04296875
0 0.15859375 0.2453125 0.02265625 0.03984375
0 0.125 0.5796875 0.0375 0.0734375
0 0.10703125 0.5640625 0.02734375 0.05859375
0 0.1984375 0.77109375 0.03515625 0.05859375
0 0.3 0.5109375 0.0359375 0.05859375
0 0.459375 0.7078125 0.04140625 0.0734375
0 0.48828125 0.54765625 0.0296875 0.05859375
0 0.34921875 0.20546875 0.02890625 0.06484375
0 0.26484375 0.25703125 0.0203125 0.046875
0 0.32109375 0.29921875 0.02265625 0.046875
0 0.49921875 0.40234375 0.0265625 0.0453125
0 0.6359375 0.36953125 0.0234375 0.0453125
0 0.678125 0.503125 0.03359375 0.06328125
0 0.58515625 0.18359375 0.01875 0.03671875
0 0.4703125 0.03046875 0.01875 0.03203125
0 0.328125 0.1140625 0.01640625 0.03828125
0 0.2234375 0.2203125 0.0234375 0.0453125
0 0.25859375 0.165625 0.0171875 0.03671875
0 0.1953125 0.07578125 0.0203125 0.03515625
0 0.1453125 0.16953125 0.0234375 0.03828125
0 0.13125 0.4078125 0.02734375 0.05
0 0.65 0.321875 0.0234375 0.0453125
0 0.44296875 0.1 0.0203125 0.04140625
1 0.415625 0.4421875 0.0171875 0.03203125
1 0.3328125 0.565625 0.02265625 0.03515625
1 0.26015625 0.67734375 0.025 0.03203125
1 0.13203125 0.86953125 0.0265625 0.03984375
1 0.3171875 0.8421875 0.02734375 0.04296875
1 0.7078125 0.78515625 0.0265625 0.04140625
1 0.8046875 0.725 0.0234375 0.03828125
1 0.56796875 0.51484375 0.0234375 0.03359375
1 0.1984375 0.55546875 0.025 0.03359375
1 0.06171875 0.52109375 0.02109375 0.0296875
1 0.35546875 0.434375 0.01875 0.028125
0 0.24921875 0.3765625 0.025 0.05703125
0 0.46171875 0.27578125 0.0203125 0.03671875
0 0.334375 0.06171875 0.0203125 0.03515625
1 0.2875 0.14921875 0.0140625 0.025
1 0.2390625 0.196875 0.0125 0.0203125
1 0.19609375 0.25 0.01484375 0.0234375
1 0.109375 0.11015625 0.0140625 0.0203125
1 0.54609375 0.06953125 0.0125 0.01640625
2 0.4484375 0.82578125 0.12109375 0.3484375
0 0.396875 0.0390625 0.01484375 0.03359375
2 0.0265625 0.5921875 0.05 0.43203125
0 0.7328125 0.9203125 0.03359375 0.06640625
0 0.2203125 0.7859375 0.02265625 0.08203125
0 0.4484375 0.67890625 0.0328125 0.053125
2 0.5 0.55703125 0.08125 0.35
2 0.5875 0.309375 0.06015625 0.28359375
2 0.4609375 0.41484375 0.0625 0.31640625
2 0.32265625 0.446875 0.0703125 0.3453125
2 0.15546875 0.3546875 0.05625 0.2484375
2 0.3953125 0.1171875 0.0515625 0.18984375
2 0.44453125 0.17578125 0.0515625 0.19140625
0 0.55078125 0.10390625 0.0203125 0.046875
0 0.5515625 0.18046875 0.0578125 0.18515625
2 0.1328125 0.1109375 0.0453125 0.18671875
2 0.2375 0.121875 0.04765625 0.18203125
2 0.28515625 0.10859375 0.0484375 0.18984375