1 0.059375 0.1203125 0.02109375 0.03203125
1 0.2046875 0.36328125 0.02734375 0.046875
1 0.1890625 0.10546875 0.0140625 0.025
1 0.3171875 0.25 0.0203125 0.028125
2 0.10703125 0.7703125 0.1265625 0.459375
1 0.1078125 0.89921875 0.03359375 0.053125
0 0.09296875 0.58203125 0.03515625 0.06796875
0 0.109375 0.590625 0.02109375 0.06484375
2 0.2078125 0.6734375 0.1046875 0.446875
0 0.19140625 0.48515625 0.03125 0.053125
1 0.19296875 0.74765625 0.02734375 0.0453125
2 0.315625 0.49453125 0.0875 0.4015625
0 0.3046875 0.3296875 0.03359375 0.06796875
1 0.309375 0.55859375 0.02734375 0.03984375
2 0.44296875 0.84140625 0.12109375 0.31640625
2 0.45859375 0.559375 0.1078125 0.446875
0 0.4421875 0.371875 0.0296875 0.06484375
1 0.4515625 0.63828125 0.02890625 0.05
0 0.43828125 0.72578125 0.04375 0.06640625
2 0.3125 0.1828125 0.07734375 0.278125
2 0.3796875 0.2796875 0.0734375 0.28359375
0 0.375 0.16796875 0.02109375 0.046875
2 0.45859375 0.28515625 0.07890625 0.3
0 0.45390625 0.1609375 0.0203125 0.04140625
1 0.4640625 0.3296875 0.0171875 0.0265625
1 0.2671875 0.06328125 0.0125 0.01640625
1 0.2109375 0.040625 0.01015625 0.01640625
2 0.56171875 0.4921875 0.0953125 0.3765625
0 0.55078125 0.334375 0.0265625 0.0484375
1 0.55625 0.5546875 0.025 0.04140625
1 0.328125 0.05390625 0.0078125 0.01640625
1 0.34453125 0.0859375 0.0125 0.01484375
0 0.81953125 0.10859375 0.0203125 0.03671875
0 0.8703125 0.109375 0.0203125 0.03203125
2 0.39609375 0.45390625 0.08125 0.36328125
1 0.40078125 0.51796875 0.0234375 0.03515625
0 0.3859375 0.29765625 0.01015625 0.03828125
2 0.19140625 0.10234375 0.0484375 0.16796875