2 0.2328125 0.74140625 0.13125 0.49140625
2 0.44453125 0.5828125 0.11484375 0.41796875
2 0.06796875 0.79140625 0.11484375 0.3796875
2 0.6109375 0.40546875 0.08515625 0.35859375
2 0.5484375 0.30859375 0.06640625 0.3046875
2 0.29765625 0.34296875 0.08125 0.35859375
2 0.4078125 0.40546875 0.0828125 0.371875
2 0.10546875 0.35390625 0.0828125 0.35703125
2 0.18125 0.33359375 0.08359375 0.35703125
2 0.246875 0.3203125 0.0765625 0.33359375
2 0.4546875 0.3109375 0.07265625 0.31640625
1 0.10234375 0.421875 0.02265625 0.03359375
1 0.175 0.39609375 0.0203125 0.03203125
1 0.2421875 0.37265625 0.02109375 0.0296875
1 0.2828125 0.4015625 0.0203125 0.0265625
1 0.215625 0.86796875 0.03125 0.04140625
1 0.41171875 0.67734375 0.02890625 0.04140625
1 0.59375 0.5171875 0.02109375 0.03203125
1 0.4546875 0.390625 0.01875 0.0265625
1 0.403125 0.48671875 0.0171875 0.03203125
0 0.11328125 0.1984375 0.025 0.03828125
0 0.1234375 0.171875 0.01875 0.03359375
0 0.1765625 0.18359375 0.025 0.046875
0 0.2484375 0.17421875 0.02265625 0.03359375
0 0.2984375 0.19453125 0.0265625 0.05
0 0.3203125 0.16015625 0.02265625 0.04140625
0 0.4109375 0.25078125 0.0296875 0.0546875
0 0.4390625 0.4078125 0.02890625 0.06171875
0 0.44765625 0.18671875 0.0234375 0.05
0 0.0484375 0.64140625 0.03359375 0.071875
0 0.23828125 0.54296875 0.03515625 0.05703125
0 0.21875 0.53359375 0.02265625 0.05703125
0 0.4296875 0.70546875 0.0390625 0.05703125
0 0.6046875 0.2515625 0.02109375 0.04296875
0 0.5125 0.0875 0.01875 0.03515625
0 0.66015625 0.71953125 0.03359375 0.05703125
2 0.44296875 0.8359375 0.11640625 0.31484375
2 0.6578125 0.83984375 0.1265625 0.3015625