2 0.24375 0.6453125 0.10859375 0.46640625
2 0.18046875 0.43203125 0.0875 0.371875
2 0.06015625 0.33359375 0.0890625 0.33359375
2 0.43046875 0.20546875 0.0734375 0.28671875
2 0.2671875 0.1765625 0.0609375 0.275
2 0.14296875 0.128125 0.05625 0.246875
0 0.0625 0.196875 0.025 0.046875
1 0.04765625 0.4046875 0.02265625 0.03515625
1 0.1578125 0.55859375 0.02265625 0.03515625
1 0.2671875 0.22265625 0.01640625 0.025
1 0.43359375 0.25703125 0.0171875 0.025
1 0.22421875 0.7828125 0.0265625 0.046875
0 0.1328125 0.6859375 0.04140625 0.08671875
0 0.18515625 0.2703125 0.02265625 0.04140625
0 0.15390625 0.0234375 0.0171875 0.03515625
0 0.17578125 0.09765625 0.01875 0.03359375
1 0.140625 0.1703125 0.01640625 0.025
0 0.4359375 0.0921875 0.02265625 0.0484375
0 0.96015625 0.75859375 0.0375 0.078125
0 0.2484375 0.459375 0.02734375 0.0484375
2 0.13671875 0.809375 0.13515625 0.34296875
2 0.49375 0.11796875 0.0875 0.2015625
0 0.27578125 0.06015625 0.02109375 0.03984375
0 0.18125 0.2 0.02890625 0.06484375
0 0.30390625 0.02578125 0.0171875 0.028125
2 0.2984375 0.1359375 0.05 0.25
1 0.52109375 0.14140625 0.0140625 0.0234375