2 0.1328125 0.68359375 0.1390625 0.4515625
2 0.30078125 0.76875 0.0921875 0.4625
2 0.23984375 0.675 0.0703125 0.421875
2 0.48125 0.46015625 0.06015625 0.3703125
2 0.69140625 0.42265625 0.0609375 0.35859375
2 0.4015625 0.3734375 0.0640625 0.3296875
2 0.3296875 0.4328125 0.07265625 0.31015625
0 0.0734375 0.234375 0.02265625 0.03671875
0 0.10859375 0.2078125 0.0234375 0.03984375
0 0.16171875 0.2125 0.0234375 0.03671875
0 0.14765625 0.278125 0.02265625 0.04296875
0 0.1078125 0.35390625 0.02265625 0.0515625
0 0.134375 0.5109375 0.02734375 0.06484375
0 0.1109375 0.4328125 0.03359375 0.06015625
0 0.20078125 0.29609375 0.0234375 0.0484375
0 0.23359375 0.27109375 0.02265625 0.04140625
0 0.23515625 0.20390625 0.0234375 0.046875
0 0.28046875 0.228125 0.02109375 0.03671875
0 0.303125 0.184375 0.0234375 0.046875
0 0.3203125 0.31015625 0.02265625 0.046875
0 0.2375 0.48984375 0.0265625 0.05
0 0.2921875 0.57265625 0.0328125 0.06015625
0 0.39609375 0.225 0.02109375 0.05
0 0.43203125 0.20234375 0.02109375 0.05
0 0.48828125 0.24140625 0.02109375 0.05
0 0.47578125 0.3 0.025 0.05
0 0.5734375 0.490625 0.02890625 0.0546875
0 0.3375 0.24921875 0.02109375 0.0453125
0 0.56484375 0.2359375 0.02265625 0.0453125
0 0.59296875 0.2875 0.0234375 0.06328125
0 0.61015625 0.19609375 0.01640625 0.04140625
1 0.2734375 0.425 0.01875 0.025
1 0.19921875 0.54765625 0.02109375 0.03359375
2 0.1984375 0.44453125 0.0609375 0.36171875
1 0.4015625 0.44296875 0.0203125 0.0296875
1 0.3140625 0.5890625 0.0171875 0.03359375
1 0.4859375 0.5328125 0.0203125 0.028125
1 0.44140625 0.41015625 0.0171875 0.0296875
1 0.64765625 0.44140625 0.0171875 0.03203125
1 0.6921875 0.49453125 0.0203125 0.03515625
0 0.6890625 0.2703125 0.0234375 0.04296875
0 0.6625 0.2453125 0.02109375 0.03203125
0 0.55859375 0.48828125 0.01875 0.05859375
0 0.5703125 0.72265625 0.03984375 0.08984375
0 0.55234375 0.690625 0.03515625 0.06796875
1 0.2859375 0.87734375 0.02734375 0.03828125
1 0.2390625 0.7515625 0.0234375 0.03828125
2 0.55859375 0.83125 0.1421875 0.3375
2 0.56640625 0.6375 0.09375 0.36640625
2 0.1484375 0.41484375 0.05 0.31640625
2 0.5984375 0.4375 0.06640625 0.36484375
2 0.53125 0.32578125 0.04609375 0.2984375