2 0.14765625 0.68671875 0.15234375 0.453125
2 0.31796875 0.7625 0.1046875 0.46640625
2 0.2546875 0.671875 0.0828125 0.4234375
2 0.4890625 0.44140625 0.07109375 0.3703125
2 0.696875 0.390625 0.07265625 0.36015625
2 0.40625 0.36015625 0.075 0.33203125
2 0.3359375 0.42421875 0.08125 0.31171875
0 0.07421875 0.24140625 0.025 0.03828125
0 0.10859375 0.2125 0.0265625 0.04140625
0 0.16171875 0.2140625 0.025 0.03671875
0 0.15 0.28046875 0.0234375 0.04296875
0 0.11171875 0.359375 0.0234375 0.053125
0 0.14296875 0.51328125 0.02890625 0.06640625
0 0.11796875 0.4375 0.03515625 0.06015625
0 0.20234375 0.2953125 0.0265625 0.0484375
0 0.2359375 0.26796875 0.0234375 0.04140625
0 0.234375 0.2015625 0.0265625 0.0484375
0 0.28046875 0.22265625 0.0234375 0.03828125
0 0.30234375 0.17734375 0.025 0.0484375
0 0.3234375 0.3015625 0.0234375 0.046875
0 0.2453125 0.4875 0.02734375 0.0515625
0 0.303125 0.56640625 0.03515625 0.06015625
0 0.39609375 0.2125 0.0234375 0.05
0 0.43046875 0.1875 0.0234375 0.05
0 0.4890625 0.2234375 0.0234375 0.0515625
0 0.47734375 0.28203125 0.02734375 0.0515625
0 0.58125 0.46640625 0.0296875 0.05703125
0 0.33828125 0.240625 0.02265625 0.0453125
0 0.56484375 0.2125 0.0234375 0.046875
0 0.5953125 0.2625 0.025 0.06484375
0 0.609375 0.1703125 0.01875 0.04140625
1 0.2796875 0.4203125 0.01875 0.025
1 0.209375 0.546875 0.02109375 0.03515625
2 0.2046875 0.44296875 0.07109375 0.36328125
1 0.4078125 0.43046875 0.0203125 0.0296875
1 0.325 0.58046875 0.01875 0.03359375
1 0.49609375 0.5140625 0.0203125 0.028125
1 0.446875 0.39453125 0.0171875 0.0296875
1 0.6546875 0.41328125 0.01875 0.03203125
1 0.69921875 0.4625 0.02265625 0.03671875
0 0.68984375 0.23828125 0.0265625 0.04296875
0 0.66328125 0.215625 0.02265625 0.03203125
0 0.5671875 0.465625 0.0203125 0.05859375
0 0.5859375 0.6984375 0.0421875 0.08828125
0 0.56640625 0.66796875 0.0375 0.06796875
1 0.30625 0.871875 0.0296875 0.03984375
1 0.2546875 0.7484375 0.0265625 0.03984375
2 0.578125 0.81640625 0.15234375 0.3515625
2 0.578125 0.61328125 0.1046875 0.36796875
2 0.1546875 0.4171875 0.06015625 0.31640625
2 0.60546875 0.41171875 0.07734375 0.36640625
2 0.534375 0.30390625 0.0546875 0.296875