0 0.9203125 0.94453125 0.05859375 0.0703125
0 0.23203125 0.21640625 0.0265625 0.053125
2 0.22578125 0.3609375 0.0875 0.353125
1 0.2171875 0.409375 0.02265625 0.03671875
2 0.14609375 0.246875 0.075 0.3046875
1 0.1421875 0.2890625 0.02109375 0.03203125
2 0.103125 0.1234375 0.0609375 0.246875
1 0.09765625 0.15390625 0.0171875 0.028125
2 0.1578125 0.07890625 0.059375 0.1578125
1 0.1578125 0.09921875 0.01484375 0.025
2 0.20078125 0.04609375 0.0390625 0.09140625
1 0.19921875 0.015625 0.0140625 0.0234375
1 0.2453125 0.109375 0.01484375 0.025
2 0.25 0.08515625 0.0625 0.1703125
2 0.3046875 0.046875 0.0359375 0.09296875
1 0.3046875 0.021875 0.0125 0.0234375
2 0.3390625 0.15859375 0.0765625 0.29296875
0 0.34296875 0.0359375 0.0171875 0.03671875
0 0.35234375 0.04765625 0.01015625 0.03515625
1 0.33671875 0.2125 0.0171875 0.0265625
2 0.43125 0.16328125 0.0765625 0.278125
0 0.440625 0.0484375 0.0203125 0.03828125
1 0.43125 0.20859375 0.01640625 0.0265625
2 0.4796875 0.09609375 0.06015625 0.19140625
1 0.48203125 0.12109375 0.0171875 0.0265625