1 0.0953125 0.046875 0.02265625 0.03359375
1 0.21484375 0.30234375 0.02890625 0.05
1 0.2265625 0.04609375 0.01484375 0.0265625
1 0.33828125 0.20078125 0.0203125 0.0296875
2 0.075 0.71015625 0.14140625 0.49140625
1 0.0625 0.82578125 0.03359375 0.05703125
0 0.08125 0.50859375 0.0359375 0.0703125
0 0.096875 0.51953125 0.02265625 0.06484375
2 0.18515625 0.6109375 0.1171875 0.4515625
0 0.1890625 0.421875 0.03125 0.0546875
1 0.16328125 0.6828125 0.02734375 0.0484375
2 0.31171875 0.44296875 0.09765625 0.40703125
0 0.31875 0.2796875 0.03515625 0.0703125
1 0.29921875 0.5078125 0.02734375 0.04296875
2 0.4015625 0.8125 0.12890625 0.34296875
2 0.4484375 0.52265625 0.1203125 0.4515625
0 0.45 0.33515625 0.03125 0.06640625
1 0.4328125 0.6015625 0.02890625 0.0515625
0 0.41015625 0.68671875 0.0453125 0.06796875
2 0.34140625 0.1375 0.08515625 0.275
2 0.3984375 0.2375 0.08125 0.28671875
0 0.40546875 0.12578125 0.02109375 0.046875
2 0.4765625 0.25 0.0859375 0.3046875
0 0.484375 0.1265625 0.02109375 0.04296875
1 0.47734375 0.29609375 0.0171875 0.028125
1 0.3078125 0.0109375 0.0125 0.01640625
2 0.5578125 0.46640625 0.10390625 0.3796875
0 0.56328125 0.309375 0.0265625 0.05
1 0.5453125 0.52890625 0.025 0.04140625
1 0.3703125 0.00859375 0.00859375 0.01640625
1 0.3828125 0.04140625 0.0140625 0.01640625
0 0.8546875 0.11171875 0.0203125 0.03828125
0 0.90546875 0.1171875 0.02109375 0.03359375
2 0.396875 0.4125 0.08984375 0.36796875
1 0.39453125 0.47578125 0.025 0.03515625
0 0.403125 0.25546875 0.01015625 0.03828125
2 0.22734375 0.06328125 0.05234375 0.1265625