2 0.3234375 0.465625 0.0921875 0.38359375
2 0.4640625 0.37109375 0.07890625 0.33203125
2 0.2125 0.38828125 0.08984375 0.36328125
2 0.0609375 0.75546875 0.1078125 0.48828125
2 0.4328125 0.7828125 0.1125 0.41796875
2 0.6265625 0.17734375 0.0765625 0.29140625
2 0.42421875 0.10859375 0.0578125 0.21640625
2 0.24140625 0.26328125 0.0734375 0.30859375
2 0.4421875 0.0609375 0.03359375 0.121875
0 0.04140625 0.55 0.0328125 0.06015625
0 0.2078125 0.2375 0.02890625 0.0515625
0 0.23125 0.1296875 0.02109375 0.03359375
0 0.2703125 0.84609375 0.04140625 0.078125
0 0.42890625 0.61484375 0.03359375 0.06796875
0 0.56796875 0.72109375 0.0359375 0.08203125
0 0.4546875 0.23359375 0.0203125 0.04140625
0 0.6234375 0.0546875 0.0203125 0.03984375
0 0.90078125 0.04765625 0.02109375 0.04296875
0 0.8734375 0.15234375 0.01875 0.0265625
1 0.4234375 0.165625 0.01640625 0.0234375
1 0.44296875 0.0546875 0.0125 0.01796875
1 0.30078125 0.021875 0.0109375 0.0203125
1 0.2484375 0.3234375 0.01640625 0.028125
1 0.2078125 0.4765625 0.0203125 0.03359375
1 0.3171875 0.55703125 0.02109375 0.03203125
1 0.63203125 0.24765625 0.0171875 0.0265625
1 0.78203125 0.20703125 0.0125 0.0203125
1 0.0171875 0.3796875 0.025 0.04296875
1 0.4453125 0.9375 0.03125 0.0484375
2 0.28046875 0.89921875 0.1203125 0.19140625
2 0.57578125 0.83046875 0.1203125 0.31328125