2 0.32890625 0.7625 0.1 0.475
2 0.2859375 0.571875 0.0859375 0.421875
2 0.3234375 0.13203125 0.0546875 0.253125
2 0.41953125 0.1390625 0.08515625 0.26484375
2 0.175 0.11484375 0.0546875 0.225
1 0.26875 0.6640625 0.025 0.046875
1 0.18359375 0.1375 0.01484375 0.021875
1 0.325 0.17265625 0.01484375 0.0265625
1 0.45 0.196875 0.0171875 0.0234375
1 0.19140625 0.025 0.0125 0.01796875
1 0.234375 0.009375 0.0140625 0.01171875
0 0.3296875 0.5609375 0.02890625 0.06015625
0 0.2671875 0.29609375 0.0234375 0.04296875
0 0.41875 0.0234375 0.0203125 0.0296875
0 0.3265625 0.02265625 0.01875 0.0296875
0 0.94296875 0.10546875 0.01875 0.03828125