2 0.25078125 0.35078125 0.0875 0.3484375
2 0.33125 0.24765625 0.0765625 0.30703125
2 0.5125 0.1640625 0.1 0.275
2 0.21171875 0.11953125 0.05625 0.23203125
2 0.29140625 0.0953125 0.06015625 0.18359375
0 0.10390625 0.7578125 0.04375 0.0734375
0 0.34609375 0.11796875 0.02109375 0.03671875
0 0.34609375 0.02578125 0.01875 0.03359375
0 0.334375 0.11953125 0.01640625 0.03359375
0 0.515625 0.0484375 0.02109375 0.03359375
1 0.1265625 0.0375 0.0234375 0.028125
1 0.20625 0.14140625 0.01640625 0.0265625
1 0.2953125 0.12421875 0.0171875 0.028125
1 0.328125 0.29921875 0.01875 0.03203125
1 0.246875 0.3984375 0.02109375 0.03359375
1 0.5375 0.2296875 0.0171875 0.025
1 0.40234375 0.01015625 0.0125 0.00859375
1 0.325 0.0546875 0.0140625 0.0203125
1 0.79453125 0.2796875 0.0140625 0.0265625
0 0.94140625 0.1328125 0.01875 0.03515625
2 0.10625 0.84921875 0.1234375 0.26171875