2 0.4265625 0.2015625 0.06015625 0.25859375
0 0.43515625 0.5609375 0.04140625 0.075
0 0.4296875 0.71015625 0.02734375 0.071875
0 0.67890625 0.8359375 0.0390625 0.078125
0 0.428125 0.09453125 0.0203125 0.03359375
1 0.0421875 0.21484375 0.025 0.04140625
1 0.25 0.27578125 0.0296875 0.03984375
1 0.415625 0.259375 0.01484375 0.025
1 0.50234375 0.13671875 0.0125 0.0234375
1 0.37109375 0.16015625 0.01484375 0.021875
2 0.36640625 0.115625 0.05234375 0.21015625
2 0.31875 0.1125 0.0453125 0.20703125
0 0.3203125 0.0171875 0.0125 0.01484375
2 0.428125 0.8375 0.1203125 0.325
2 0.46640625 0.1234375 0.0546875 0.2203125
2 0.61875 0.103125 0.04140625 0.16171875
2 0.5015625 0.11015625 0.0484375 0.18984375
1 0.5921875 0.07265625 0.0140625 0.025
1 0.46640625 0.15703125 0.0125 0.028125
1 0.215625 0.05078125 0.0140625 0.0234375