2 0.5046875 0.4875 0.08125 0.36640625
2 0.4046875 0.3625 0.07890625 0.3484375
2 0.3359375 0.4734375 0.08359375 0.38828125
2 0.60625 0.4390625 0.1 0.39296875
2 0.63984375 0.25078125 0.00234375 0.0015625
2 0.7 0.40234375 0.07109375 0.35
2 0.2140625 0.49140625 0.0875 0.4015625
2 0.225 0.10859375 0.07734375 0.19296875
2 0.5359375 0.85 0.1265625 0.296875
0 0.2296875 0.790625 0.0390625 0.08203125
0 0.5453125 0.74921875 0.03125 0.071875
0 0.52109375 0.7328125 0.0390625 0.06015625
0 0.3234375 0.30546875 0.02734375 0.0453125
0 0.196875 0.3171875 0.0234375 0.0515625
0 0.23359375 0.27421875 0.025 0.04296875
0 0.2828125 0.22421875 0.02109375 0.04140625
0 0.2359375 0.2078125 0.02265625 0.04140625
0 0.3015625 0.1828125 0.02109375 0.04296875
0 0.39296875 0.2171875 0.0296875 0.053125
0 0.4296875 0.19453125 0.02265625 0.03984375
0 0.4953125 0.24921875 0.0265625 0.0515625
0 0.565625 0.215625 0.025 0.0453125
0 0.59765625 0.26796875 0.0234375 0.0453125
0 0.6140625 0.184375 0.02265625 0.03828125
0 0.69375 0.25078125 0.025 0.04140625
0 0.49375 0.321875 0.0234375 0.04140625
1 0.2109375 0.57265625 0.0234375 0.03671875
1 0.328125 0.5890625 0.0203125 0.03359375
1 0.40859375 0.43671875 0.0203125 0.03671875
1 0.44921875 0.40234375 0.02109375 0.03203125
1 0.515625 0.56953125 0.0265625 0.03984375
1 0.6015625 0.503125 0.02265625 0.03515625
1 0.65703125 0.42109375 0.0203125 0.03984375
1 0.70703125 0.475 0.02265625 0.04140625
1 0.28203125 0.42265625 0.0171875 0.025
1 0.1578125 0.503125 0.01875 0.0265625
1 0.05859375 0.85703125 0.0265625 0.03828125
0 0.05 0.56484375 0.03515625 0.06015625
0 0.07890625 0.55234375 0.02734375 0.05859375
0 0.11171875 0.3703125 0.0265625 0.0453125
0 0.0828125 0.25 0.025 0.0453125
0 0.10703125 0.21328125 0.02265625 0.04296875
0 0.11015625 0.32109375 0.0296875 0.05
0 0.1484375 0.2828125 0.02734375 0.03984375
0 0.16484375 0.221875 0.0265625 0.053125
0 0.6640625 0.225 0.02265625 0.03515625
0 0.1078125 0.78984375 0.02890625 0.06796875
2 0.0859375 0.7421875 0.125 0.44296875
2 0.446875 0.33359375 0.06640625 0.33359375
2 0.1609375 0.421875 0.075 0.33828125
2 0.12265625 0.8734375 0.12734375 0.253125
2 0.24296875 0.8703125 0.1328125 0.259375
2 0.1265625 0.528125 0.10625 0.36484375
2 0.2484375 0.42421875 0.07734375 0.3484375
2 0.28828125 0.371875 0.0671875 0.328125
1 0.2390625 0.1171875 0.01484375 0.0265625