2 0.48671875 0.77578125 0.1125 0.43515625
2 0.2328125 0.603125 0.1015625 0.425
2 0.1140625 0.66171875 0.125 0.4453125
2 0.3015625 0.4265625 0.09140625 0.35703125
2 0.1546875 0.3765625 0.0875 0.3484375
2 0.05546875 0.275 0.0671875 0.3
2 0.6046875 0.17890625 0.08125 0.31328125
2 0.4453125 0.38359375 0.08359375 0.353125
2 0.509375 0.5546875 0.09609375 0.3765625
2 0.3578125 0.11796875 0.05 0.225
2 0.4640625 0.11796875 0.140625 0.2359375
0 0.03046875 0.746875 0.03125 0.1015625
0 0.0828125 0.49765625 0.0328125 0.06015625
0 0.10546875 0.475 0.02734375 0.05703125
0 0.2171875 0.42890625 0.0328125 0.06015625
0 0.2890625 0.27890625 0.0296875 0.05703125
0 0.4671875 0.6 0.0296875 0.06171875
0 0.48359375 0.40859375 0.0265625 0.06328125
0 0.49453125 0.3953125 0.02265625 0.06328125
0 0.59453125 0.0515625 0.025 0.0453125
0 0.30546875 0.1703125 0.02890625 0.05
0 0.3515625 0.025 0.01484375 0.0296875
0 0.4546875 0.0125 0.0203125 0.025
0 0.43984375 0.08046875 0.0234375 0.0453125
0 0.1390625 0.2375 0.025 0.0484375
0 0.04453125 0.15 0.02109375 0.04140625
0 0.1984375 0.7640625 0.03125 0.053125
1 0.11484375 0.78515625 0.02890625 0.0453125
1 0.05625 0.3296875 0.0171875 0.025
1 0.1578125 0.48046875 0.0203125 0.03359375
1 0.29921875 0.5015625 0.0203125 0.03359375
1 0.23984375 0.68828125 0.0265625 0.03203125
1 0.4890625 0.89609375 0.03125 0.0484375
1 0.5015625 0.65078125 0.0265625 0.04140625
1 0.44765625 0.4453125 0.0234375 0.03515625
1 0.3609375 0.17890625 0.01640625 0.0234375
1 0.6234375 0.240625 0.01640625 0.028125
1 0.3078125 0.059375 0.0140625 0.021875
1 0.24921875 0.13046875 0.0140625 0.021875
1 0.18671875 0.0625 0.0125 0.01484375
0 0.1515625 0.115625 0.025 0.046875
0 0.89453125 0.04296875 0.02109375 0.03984375
0 0.86875 0.153125 0.02109375 0.03359375
2 0.2515625 0.11484375 0.0578125 0.1984375
2 0.44609375 0.18046875 0.0625 0.23671875
2 0.309375 0.28515625 0.0703125 0.275
2 0.15546875 0.20546875 0.06484375 0.2234375