2 0.6484375 0.51796875 0.07734375 0.39140625
2 0.478125 0.775 0.1078125 0.43671875
2 0.40859375 0.603125 0.09140625 0.41328125
2 0.0984375 0.5890625 0.09375 0.41015625
2 0.18046875 0.378125 0.0703125 0.31328125
2 0.04921875 0.32109375 0.06875 0.2734375
2 0.246875 0.37109375 0.05625 0.328125
2 0.2421875 0.6765625 0.075 0.41015625
2 0.3515625 0.29609375 0.05625 0.3046875
2 0.41015625 0.31953125 0.07109375 0.3265625
0 0.1609375 0.875 0.03984375 0.078125
0 0.0953125 0.4171875 0.02890625 0.06328125
0 0.03203125 0.171875 0.02109375 0.03671875
0 0.04921875 0.2015625 0.0234375 0.046875
0 0.1140625 0.2109375 0.01640625 0.03828125
0 0.1265625 0.20859375 0.0171875 0.03984375
0 0.12578125 0.17109375 0.02265625 0.03359375
0 0.20234375 0.1890625 0.02109375 0.03984375
0 0.1828125 0.24140625 0.02265625 0.04296875
0 0.2515625 0.22578125 0.02109375 0.03359375
1 0.16796875 0.46484375 0.02109375 0.03671875
1 0.2375 0.44140625 0.0203125 0.03671875
0 0.2859375 0.18359375 0.02109375 0.046875
0 0.31484375 0.2796875 0.02265625 0.05
0 0.3578125 0.16953125 0.02109375 0.0453125
0 0.40546875 0.19921875 0.02265625 0.03671875
0 0.41328125 0.1890625 0.0203125 0.04296875
0 0.50546875 0.23046875 0.02734375 0.05859375
0 0.4828125 0.29140625 0.0265625 0.053125
0 0.5359375 0.33515625 0.0234375 0.053125
0 0.54765625 0.1921875 0.01875 0.04296875
0 0.55625 0.1859375 0.0140625 0.03984375
0 0.25390625 0.5015625 0.02734375 0.0546875
0 0.28671875 0.62109375 0.03125 0.08359375
0 0.32421875 0.371875 0.025 0.053125
0 0.41328125 0.41953125 0.0265625 0.03984375
0 0.4765625 0.60234375 0.03359375 0.06796875
0 0.65078125 0.3546875 0.0265625 0.053125
0 0.54296875 0.7828125 0.0359375 0.06796875
1 0.45234375 0.93046875 0.0296875 0.0546875
1 0.3875 0.70390625 0.0234375 0.03828125
1 0.23125 0.78515625 0.02734375 0.03984375
1 0.34609375 0.359375 0.0171875 0.028125
1 0.39609375 0.3984375 0.02109375 0.03203125
2 0.5359375 0.8671875 0.1078125 0.25
2 0.47578125 0.44765625 0.07265625 0.36171875
2 0.3171875 0.53515625 0.0890625 0.38515625
2 0.28203125 0.78671875 0.11484375 0.41015625
2 0.2984375 0.40859375 0.0625 0.31328125
2 0.1171875 0.34140625 0.06015625 0.31171875