2 0.3734375 0.26640625 0.05390625 0.31015625
2 0.10859375 0.84453125 0.1171875 0.3109375
2 0.62421875 0.28984375 0.0734375 0.31015625
2 0.29453125 0.13515625 0.06484375 0.26015625
2 0.39296875 0.60078125 0.0796875 0.41640625
0 0.36953125 0.1375 0.02109375 0.03671875
0 0.38671875 0.4203125 0.0265625 0.0484375
1 0.6203125 0.34609375 0.0203125 0.0296875
0 0.10078125 0.73203125 0.03984375 0.08359375
2 0.684375 0.20390625 0.09765625 0.25
1 0.3734375 0.3734375 0.01640625 0.028125
0 0.6703125 0.08984375 0.0171875 0.0296875
1 0.29453125 0.1953125 0.01484375 0.025
1 0.3828125 0.678125 0.025 0.03359375
0 0.28359375 0.0296875 0.01484375 0.0265625
1 0.0125 0.23359375 0.01875 0.03984375
1 0.7234375 0.27421875 0.01484375 0.03359375