2 0.7546875 0.71484375 0.12109375 0.48515625
2 0.23203125 0.215625 0.07109375 0.296875
2 0.746875 0.2375 0.1328125 0.3015625
0 0.7453125 0.5265625 0.0375 0.075
1 0.77734375 0.82421875 0.02890625 0.05703125
0 0.1484375 0.70390625 0.04140625 0.078125
0 0.22421875 0.090625 0.0203125 0.0453125
1 0.2296875 0.2625 0.01640625 0.0234375
1 0.3390625 0.10234375 0.01484375 0.0234375
0 0.7484375 0.11484375 0.02265625 0.04296875
2 0.04609375 0.3984375 0.0890625 0.36640625
0 0.02734375 0.25859375 0.0234375 0.0515625
1 0.0359375 0.46796875 0.01875 0.03203125
1 0.121875 0.159375 0.02265625 0.03359375
2 0.17265625 0.82890625 0.1296875 0.34140625
2 0.3390625 0.1015625 0.04609375 0.15859375
2 0.284375 0.08203125 0.05234375 0.11796875
1 0.2828125 0.08046875 0.01484375 0.0265625