2 0.6515625 0.5453125 0.0890625 0.39296875
2 0.47421875 0.78203125 0.1203125 0.4359375
2 0.409375 0.6078125 0.10390625 0.41640625
2 0.1015625 0.56484375 0.10625 0.41328125
2 0.1890625 0.36171875 0.07890625 0.31484375
2 0.06015625 0.29140625 0.0765625 0.275
2 0.2546875 0.36015625 0.06640625 0.33203125
2 0.24140625 0.665625 0.0859375 0.41171875
2 0.36328125 0.2953125 0.06484375 0.30859375
2 0.41953125 0.3234375 0.0796875 0.328125
0 0.1546875 0.85703125 0.0421875 0.0796875
0 0.103125 0.3921875 0.03125 0.06484375
0 0.046875 0.140625 0.02109375 0.03828125
0 0.0640625 0.1734375 0.0265625 0.0484375
0 0.12734375 0.1875 0.01640625 0.03828125
0 0.13984375 0.18515625 0.01875 0.04140625
0 0.140625 0.14765625 0.02265625 0.03515625
0 0.2171875 0.17421875 0.02109375 0.04140625
0 0.19609375 0.22578125 0.0234375 0.0453125
0 0.2640625 0.21484375 0.02109375 0.03515625
1 0.1734375 0.446875 0.02109375 0.03828125
1 0.24453125 0.4296875 0.0203125 0.03671875
0 0.30078125 0.17578125 0.02265625 0.0484375
0 0.3265625 0.275 0.025 0.0515625
0 0.371875 0.16796875 0.02265625 0.046875
0 0.41953125 0.203125 0.02265625 0.03828125
0 0.42734375 0.19296875 0.02109375 0.04296875
0 0.51796875 0.2453125 0.0296875 0.06015625
0 0.49375 0.30234375 0.02890625 0.0546875
0 0.5453125 0.35078125 0.025 0.0546875
0 0.5609375 0.209375 0.0203125 0.0453125
0 0.5703125 0.20234375 0.0140625 0.03984375
0 0.25859375 0.49140625 0.0296875 0.05703125
0 0.28828125 0.61484375 0.03515625 0.08515625
0 0.3328125 0.3671875 0.0265625 0.0546875
0 0.41953125 0.4234375 0.02734375 0.04140625
0 0.47734375 0.61328125 0.0359375 0.0703125
0 0.65859375 0.38203125 0.02890625 0.0546875
0 0.5390625 0.7984375 0.0390625 0.071875
1 0.44296875 0.9390625 0.0328125 0.05703125
1 0.3859375 0.7078125 0.025 0.03984375
1 0.22734375 0.7734375 0.02890625 0.04140625
1 0.35546875 0.3578125 0.01875 0.0296875
1 0.40390625 0.40234375 0.02109375 0.03359375
2 0.52890625 0.87734375 0.11640625 0.2453125
2 0.48203125 0.4578125 0.08359375 0.36328125
2 0.32109375 0.53046875 0.1 0.38828125
2 0.278125 0.7796875 0.12734375 0.41640625
2 0.30625 0.40234375 0.07265625 0.31484375
2 0.1265625 0.31796875 0.0703125 0.31171875