0 0.39375 0.425 0.03125 0.06796875
2 0.390625 0.61328125 0.1046875 0.46171875
1 0.38984375 0.753125 0.02890625 0.0484375
2 0.5515625 0.16328125 0.07734375 0.271875
2 0.4640625 0.13359375 0.05859375 0.246875
0 0.46484375 0.028125 0.01875 0.03515625
1 0.46328125 0.17890625 0.01640625 0.025
2 0.4328125 0.071875 0.05390625 0.125
1 0.43125 0.06171875 0.0140625 0.0234375
1 0.55 0.2171875 0.0171875 0.0296875
2 0.3859375 0.24140625 0.07890625 0.30859375
0 0.38828125 0.11796875 0.0265625 0.046875
0 0.3890625 0.1390625 0.02265625 0.03984375
1 0.3859375 0.31015625 0.0203125 0.03359375
2 0.31015625 0.13046875 0.0703125 0.2484375
1 0.30234375 0.1875 0.0171875 0.0265625
2 0.2515625 0.23828125 0.07109375 0.3
0 0.24921875 0.11953125 0.0265625 0.0515625
1 0.24765625 0.27890625 0.02109375 0.03515625
2 0.284375 0.43671875 0.0921875 0.378125
0 0.2875 0.2828125 0.02890625 0.06015625
1 0.27578125 0.53671875 0.025 0.0453125
2 0.175 0.603125 0.10390625 0.4265625
2 0.21796875 0.7671875 0.1234375 0.4546875
1 0.209375 0.89140625 0.03125 0.0515625
0 0.2078125 0.5796875 0.0390625 0.0703125
1 0.1671875 0.66640625 0.03515625 0.0546875
0 0.0625 0.8703125 0.04609375 0.08828125
0 0.021875 0.66328125 0.02109375 0.09296875
0 0.7484375 0.0484375 0.0171875 0.0265625
0 0.9484375 0.134375 0.02265625 0.04140625