2 0.31875 0.56796875 0.07890625 0.40859375
2 0.246875 0.7921875 0.08984375 0.41484375
2 0.38125 0.80234375 0.09140625 0.3953125
2 0.44921875 0.64453125 0.08359375 0.4296875
1 0.16484375 0.41328125 0.03984375 0.046875
0 0.2515625 0.625 0.02890625 0.06328125
0 0.315625 0.38828125 0.025 0.046875
0 0.38125 0.64921875 0.0328125 0.075
0 0.4625 0.4734375 0.02734375 0.06015625
0 0.44296875 0.46171875 0.025 0.053125
1 0.3015625 0.64453125 0.0203125 0.03984375
1 0.2328125 0.97890625 0.0265625 0.04140625
2 0.8625 0.20703125 0.1140625 0.2765625
0 0.8328125 0.0984375 0.0171875 0.03984375
0 0.85390625 0.09140625 0.0171875 0.03359375
2 0.45546875 0.090625 0.04140625 0.16640625
1 0.45546875 0.09609375 0.01484375 0.025