2 0.17109375 0.65078125 0.1203125 0.478125
2 0.36015625 0.7421875 0.10390625 0.4984375
2 0.6296875 0.4046875 0.08359375 0.33359375
2 0.29609375 0.31171875 0.06875 0.3234375
2 0.7078125 0.23359375 0.11640625 0.28984375
0 0.1578125 0.47734375 0.0234375 0.0546875
0 0.18203125 0.45 0.03125 0.06796875
1 0.1578125 0.78203125 0.0265625 0.05
1 0.34375 0.940625 0.02734375 0.046875
0 0.36015625 0.54921875 0.03515625 0.0703125
0 0.2265625 0.859375 0.04140625 0.08515625
0 0.29765625 0.1734375 0.02265625 0.03984375
1 0.2921875 0.37109375 0.01875 0.0265625
1 0.6328125 0.47109375 0.02109375 0.03203125
0 0.7078125 0.11484375 0.01875 0.03203125
0 0.63671875 0.26015625 0.02265625 0.04296875
2 0.39375 0.11484375 0.0671875 0.2234375
2 0.23984375 0.0984375 0.0671875 0.19296875
2 0.29296875 0.1375 0.0546875 0.171875
0 0.2953125 0.08359375 0.01875 0.03828125
0 0.39453125 0.0140625 0.01640625 0.021875
1 0.234375 0.11015625 0.01484375 0.0234375
1 0.38984375 0.1765625 0.01640625 0.028125
1 0.35859375 0.0203125 0.0140625 0.0234375