2 0.46015625 0.32734375 0.08984375 0.33984375
0 0.45 0.18515625 0.025 0.03671875
1 0.465625 0.4078125 0.0203125 0.03515625
2 0.559375 0.31796875 0.0921875 0.36171875
1 0.5484375 0.37109375 0.0234375 0.0296875
2 0.375 0.51328125 0.10625 0.396875
2 0.0890625 0.71796875 0.11640625 0.45703125
2 0.2265625 0.52265625 0.08515625 0.40703125
2 0.6078125 0.77890625 0.12109375 0.4296875
2 0.6703125 0.57109375 0.10390625 0.46796875
2 0.1375 0.5703125 0.1015625 0.38828125
2 0.3 0.62421875 0.09375 0.4453125
0 0.11171875 0.4046875 0.025 0.0484375
0 0.0703125 0.52890625 0.03359375 0.05703125
0 0.11328125 0.24296875 0.025 0.03984375
0 0.15390625 0.1921875 0.0234375 0.05
0 0.2359375 0.1890625 0.01875 0.04140625
0 0.3359375 0.175 0.0265625 0.0515625
0 0.36171875 0.34765625 0.02734375 0.03984375
0 0.2109375 0.34921875 0.02734375 0.0546875
0 0.17734375 0.2859375 0.02734375 0.05
0 0.4203125 0.771875 0.0375 0.078125
0 0.46171875 0.76640625 0.04375 0.08828125
0 0.4453125 0.5515625 0.03515625 0.0734375
0 0.6 0.6125 0.0421875 0.071875
0 0.6609375 0.39296875 0.03125 0.0765625
1 0.07578125 0.8375 0.02734375 0.046875
1 0.2234375 0.60390625 0.0234375 0.03828125
1 0.30078125 0.69921875 0.0265625 0.03515625
1 0.38046875 0.65703125 0.0234375 0.03671875
1 0.2484375 0.37890625 0.0203125 0.03203125
0 0.28828125 0.2578125 0.02265625 0.04140625
2 0.95078125 0.55625 0.0984375 0.40625
0 0.9515625 0.38046875 0.0265625 0.05
0 0.0890625 0.934375 0.04375 0.08671875
2 0.46328125 0.7078125 0.13125 0.39140625
1 0.5859375 0.953125 0.03515625 0.05703125
1 0.6671875 0.72265625 0.0296875 0.0515625
1 0.9546875 0.66953125 0.02890625 0.05
0 0.86796875 0.9078125 0.05390625 0.11015625
2 0.18125 0.42890625 0.0703125 0.3265625
2 0.121875 0.35078125 0.06484375 0.28515625
2 0.2421875 0.30078125 0.07109375 0.26171875
2 0.29140625 0.37265625 0.07109375 0.278125
2 0.34375 0.309375 0.07890625 0.31640625