2 0.5140625 0.684375 0.1140625 0.48515625
2 0.2046875 0.7984375 0.12265625 0.38671875
2 0.3234375 0.7546875 0.1046875 0.4703125
2 0.1484375 0.2625 0.0671875 0.30703125
2 0.0703125 0.16953125 0.05234375 0.26796875
2 0.0359375 0.54765625 0.0609375 0.40859375
2 0.52734375 0.19140625 0.05390625 0.28671875
2 0.4640625 0.20078125 0.0546875 0.28671875
2 0.40625 0.26171875 0.0546875 0.31171875
2 0.2109375 0.24140625 0.05625 0.3046875
2 0.034375 0.278125 0.0609375 0.321875
2 0.759375 0.2453125 0.07265625 0.29140625
2 0.5671875 0.14921875 0.0453125 0.278125
0 0.51328125 0.48671875 0.03125 0.06171875
0 0.30625 0.559375 0.02890625 0.0546875
0 0.1953125 0.6375 0.0359375 0.06484375
0 0.1453125 0.1296875 0.0203125 0.03984375
0 0.06875 0.059375 0.025 0.04140625
0 0.02734375 0.15546875 0.0234375 0.0453125
0 0.20390625 0.0375 0.01640625 0.0265625
0 0.296875 0.1515625 0.0234375 0.04296875
0 0.40234375 0.1265625 0.0171875 0.03671875
0 0.459375 0.0765625 0.0234375 0.03359375
0 0.52265625 0.071875 0.02109375 0.04140625
0 0.5640625 0.03359375 0.01484375 0.0296875
1 0.06953125 0.25703125 0.01484375 0.0234375
1 0.146875 0.3234375 0.01640625 0.03203125
1 0.2078125 0.32734375 0.01484375 0.025
1 0.40390625 0.34609375 0.0171875 0.0296875
0 0.3203125 0.275 0.02265625 0.0453125
1 0.4625 0.25078125 0.01640625 0.0234375
1 0.52734375 0.27109375 0.01640625 0.025
1 0.4953125 0.190625 0.0125 0.025
1 0.56796875 0.2 0.01484375 0.0234375
1 0.5109375 0.7796875 0.025 0.03984375
1 0.3171875 0.93203125 0.02890625 0.04140625
1 0.19921875 0.96484375 0.0296875 0.03984375
0 0.4296875 0.8875 0.0375 0.078125
0 0.31796875 0.01171875 0.01484375 0.0234375
0 0.40234375 0.015625 0.0171875 0.03125
0 0.50703125 0.01640625 0.0171875 0.0328125
0 0.3734375 0.12734375 0.0125 0.0203125
1 0.26796875 0.1328125 0.0125 0.0203125
1 0.3140625 0.52109375 0.0203125 0.021875
1 0.7796875 0.27109375 0.01875 0.025
0 0.8546875 0.07421875 0.02109375 0.04296875
1 0.0203125 0.62421875 0.02109375 0.04140625
0 0.20703125 0.10390625 0.0171875 0.03828125
2 0.321875 0.42265625 0.09375 0.33671875
2 0.29375 0.28515625 0.0578125 0.31015625
2 0.26875 0.096875 0.05 0.19296875
2 0.37265625 0.1015625 0.03984375 0.203125
2 0.428125 0.11171875 0.04140625 0.2234375