2 0.628125 0.3140625 0.06484375 0.29296875
2 0.68125 0.58828125 0.08984375 0.421875
2 0.28203125 0.6578125 0.1078125 0.2734375
0 0.28046875 0.56640625 0.04609375 0.0734375
2 0.3921875 0.665625 0.1078125 0.40703125
0 0.38515625 0.4921875 0.0296875 0.0515625
1 0.38515625 0.77578125 0.0265625 0.04140625
2 0.4921875 0.65703125 0.1078125 0.4765625
0 0.4875 0.46171875 0.0375 0.075
2 0.5421875 0.57109375 0.08984375 0.4296875
0 0.528125 0.39140625 0.0296875 0.05859375
2 0.6109375 0.63515625 0.0984375 0.44140625
0 0.60234375 0.45078125 0.0328125 0.06015625
1 0.6140625 0.7515625 0.0265625 0.0453125
0 0.27421875 0.43984375 0.03125 0.05703125
2 0.71875 0.66171875 0.1078125 0.43984375
0 0.709375 0.4796875 0.0296875 0.06328125
1 0.70390625 0.79140625 0.0265625 0.0484375
0 0.68046875 0.40859375 0.0328125 0.053125
1 0.6703125 0.65078125 0.0265625 0.03671875
2 0.7859375 0.60234375 0.10625 0.43359375
0 0.7734375 0.4171875 0.0328125 0.05859375
1 0.809375 0.7203125 0.025 0.04296875
2 0.734375 0.2453125 0.0890625 0.31171875
0 0.734375 0.1171875 0.0203125 0.046875
1 0.765625 0.32265625 0.0203125 0.03359375
1 0.471875 0.7328125 0.0265625 0.0453125
1 0.5375 0.646875 0.0234375 0.03828125
1 0.625 0.39765625 0.0203125 0.03203125
0 0.61796875 0.1953125 0.03515625 0.0515625
0 0.54140625 0.20546875 0.0296875 0.0515625
0 0.5921875 0.2359375 0.025 0.0484375
0 0.59375 0.28984375 0.02890625 0.0546875
0 0.57734375 0.33203125 0.03359375 0.06484375
0 0.4859375 0.32734375 0.0328125 0.0515625
0 0.48515625 0.271875 0.0234375 0.0484375
0 0.5171875 0.24453125 0.025 0.0484375
0 0.46015625 0.2296875 0.025 0.0546875
0 0.365625 0.2109375 0.025 0.0484375
0 0.3203125 0.29921875 0.0234375 0.0515625
0 0.3390625 0.2953125 0.0234375 0.06328125
0 0.26953125 0.36953125 0.025 0.05703125
0 0.29921875 0.31640625 0.02734375 0.06484375
0 0.40546875 0.315625 0.0359375 0.06015625
0 0.3875 0.36796875 0.02890625 0.0515625
0 0.3671875 0.43203125 0.02734375 0.05
0 0.678125 0.22578125 0.02890625 0.05
0 0.6828125 0.28515625 0.025 0.04296875
0 0.68828125 0.315625 0.02265625 0.04296875
2 0.95 0.13671875 0.06484375 0.2453125
0 0.95234375 0.02890625 0.0171875 0.028125
1 0.965625 0.1828125 0.0140625 0.0234375
2 0.45703125 0.35703125 0.05390625 0.3046875
0 0.0890625 0.9765625 0.0375 0.046875