2 0.31875 0.74921875 0.12265625 0.5015625
2 0.3828125 0.51484375 0.0859375 0.38984375
2 0.48359375 0.36171875 0.06640625 0.33359375
2 0.453125 0.1484375 0.05625 0.24296875
0 0.315625 0.53671875 0.02890625 0.06484375
0 0.37265625 0.34921875 0.03515625 0.06640625
0 0.4765625 0.2140625 0.0203125 0.03984375
0 0.4546875 0.0546875 0.02265625 0.03984375
0 0.3828125 0.15703125 0.0265625 0.04296875
0 0.37578125 0.0203125 0.0125 0.0296875
1 0.31875 0.83984375 0.02890625 0.046875
1 0.37421875 0.5796875 0.02109375 0.03515625
1 0.4765625 0.425 0.0171875 0.03359375
1 0.45078125 0.20078125 0.0140625 0.025
1 0.12578125 0.41171875 0.0359375 0.0453125
1 0.2453125 0.11328125 0.0125 0.021875
1 0.32109375 0.10703125 0.0125 0.021875
2 0.3796875 0.25703125 0.0703125 0.2734375
2 0.3765625 0.0890625 0.05 0.16484375
2 0.24453125 0.0859375 0.0453125 0.15859375
2 0.321875 0.09296875 0.0484375 0.175