2 0.146875 0.3671875 0.08515625 0.321875
2 0.3078125 0.33203125 0.0828125 0.321875
2 0.22578125 0.5078125 0.10390625 0.36484375
2 0.53828125 0.1859375 0.06484375 0.275
2 0.42109375 0.3421875 0.0703125 0.30703125
0 0.49375 0.2203125 0.0265625 0.046875
2 0.49140625 0.371875 0.08359375 0.3453125
1 0.5359375 0.23671875 0.01875 0.0265625
1 0.20078125 0.578125 0.0234375 0.03359375
0 0.2265625 0.16328125 0.0234375 0.03984375
1 0.4828125 0.42578125 0.0203125 0.028125
1 0.28984375 0.37890625 0.02265625 0.0296875
1 0.140625 0.43671875 0.0234375 0.03203125
0 0.41953125 0.20390625 0.0234375 0.03828125
0 0.21640625 0.24296875 0.0265625 0.04140625
1 0.4203125 0.396875 0.0203125 0.025
0 0.4921875 0.1390625 0.02109375 0.03515625
0 0.25625 0.20703125 0.02109375 0.03203125
0 0.5421875 0.065625 0.01875 0.0296875
0 0.15859375 0.1640625 0.02109375 0.03203125
0 0.30625 0.18359375 0.0234375 0.046875
0 0.23359375 0.334375 0.025 0.03984375
0 0.1625 0.22578125 0.0234375 0.03984375
2 0.621875 0.275 0.08515625 0.38203125
1 0.1984375 0.48671875 0.02109375 0.03359375
2 0.2046875 0.3921875 0.0703125 0.33984375
2 0.2546875 0.3390625 0.06875 0.28828125