2 0.096875 0.690625 0.1421875 0.503125
2 0.32578125 0.45078125 0.09609375 0.3953125
2 0.1890625 0.30546875 0.09609375 0.328125
2 0.2578125 0.28828125 0.0890625 0.371875
2 0.4140625 0.340625 0.0921875 0.33515625
2 0.46328125 0.31796875 0.0734375 0.3265625
2 0.36328125 0.7703125 0.1375 0.43359375
2 0.5515625 0.31328125 0.08359375 0.3046875
2 0.6109375 0.55078125 0.09609375 0.38515625
0 0.10546875 0.48359375 0.0375 0.06640625
0 0.36328125 0.59296875 0.03515625 0.06171875
0 0.4578125 0.68359375 0.04609375 0.08671875
0 0.41328125 0.1953125 0.0265625 0.04140625
0 0.4609375 0.18515625 0.0234375 0.0515625
0 0.26328125 0.16171875 0.0234375 0.03671875
0 0.3328125 0.15234375 0.0234375 0.04140625
0 0.3078125 0.17734375 0.02265625 0.04140625
0 0.13515625 0.146875 0.025 0.04296875
0 0.1890625 0.1640625 0.02734375 0.0453125
0 0.103125 0.178125 0.0234375 0.04140625
0 0.8921875 0.42265625 0.0296875 0.0484375
2 0.89375 0.59921875 0.11640625 0.425
1 0.0515625 0.846875 0.0296875 0.053125
1 0.24765625 0.3578125 0.0171875 0.03203125
1 0.31328125 0.53515625 0.02890625 0.03984375
1 0.3171875 0.93203125 0.0296875 0.046875
1 0.59453125 0.60703125 0.0234375 0.03671875
1 0.415625 0.41328125 0.02890625 0.04296875
1 0.4578125 0.38984375 0.0171875 0.03203125
1 0.63984375 0.19921875 0.0203125 0.05
1 0.871875 0.6578125 0.02890625 0.0453125
0 0.6140625 0.37578125 0.03125 0.053125
2 0.6515625 0.3875 0.1 0.33984375
0 0.65 0.2421875 0.0265625 0.0484375
2 0.0984375 0.30703125 0.08125 0.3015625
2 0.46484375 0.8171875 0.15 0.36015625
2 0.2984375 0.29765625 0.07109375 0.28515625