2 0.37109375 0.26640625 0.0640625 0.31328125
2 0.075 0.82734375 0.1265625 0.31640625
2 0.62109375 0.30546875 0.0828125 0.31328125
2 0.2984375 0.13359375 0.07265625 0.25859375
2 0.371875 0.6015625 0.0921875 0.421875
0 0.37421875 0.1375 0.0234375 0.03828125
0 0.37578125 0.4203125 0.02734375 0.05
1 0.6140625 0.36171875 0.0203125 0.03203125
0 0.0734375 0.7140625 0.0421875 0.08671875
2 0.6859375 0.2234375 0.1046875 0.25703125
1 0.365625 0.3734375 0.0171875 0.028125
0 0.67734375 0.109375 0.01875 0.03203125
1 0.296875 0.190625 0.01640625 0.025
1 0.3578125 0.678125 0.0265625 0.03515625
0 0.2953125 0.025 0.01640625 0.028125
1 0.01328125 0.2109375 0.02109375 0.04140625
1 0.7203125 0.2953125 0.01640625 0.03359375