2 0.1796875 0.17265625 0.07109375 0.28828125
2 0.2515625 0.12421875 0.05234375 0.23515625
2 0.3921875 0.175 0.0578125 0.25
2 0.353125 0.11484375 0.05390625 0.21015625
2 0.41171875 0.09140625 0.05390625 0.16015625
2 0.3734375 0.6921875 0.1171875 0.4546875
2 0.4921875 0.8390625 0.11484375 0.321875
2 0.51953125 0.6703125 0.11875 0.41171875
0 0.1859375 0.0484375 0.01640625 0.0296875
0 0.39453125 0.06796875 0.01640625 0.03515625
0 0.4 0.3296875 0.02265625 0.0546875
0 0.3796875 0.48828125 0.0296875 0.06171875
0 0.525 0.496875 0.0296875 0.05
0 0.49921875 0.70546875 0.0328125 0.05
1 0.3625 0.77578125 0.0265625 0.03984375
1 0.17265625 0.20390625 0.0140625 0.021875
1 0.2453125 0.1609375 0.0140625 0.025
1 0.27265625 0.115625 0.0140625 0.025
1 0.3515625 0.16015625 0.0140625 0.0234375
1 0.38828125 0.21953125 0.01640625 0.0234375
0 0.0875 0.70859375 0.04140625 0.078125
0 0.1359375 0.94140625 0.0453125 0.078125
0 0.8921875 0.15859375 0.01484375 0.028125
0 0.83125 0.1703125 0.0171875 0.0484375
2 0.4046875 0.47109375 0.1015625 0.378125
2 0.0921875 0.82109375 0.12734375 0.3203125