2 0.1125 0.36015625 0.07890625 0.3265625
1 0.11640625 0.41015625 0.0203125 0.03203125
0 0.11328125 0.2171875 0.02109375 0.03828125
2 0.0859375 0.1578125 0.06640625 0.23984375
1 0.0859375 0.18515625 0.01484375 0.025
2 0.1296875 0.26640625 0.05234375 0.2546875
0 0.13359375 0.1671875 0.02109375 0.04296875
0 0.11953125 0.16328125 0.0171875 0.04296875
2 0.1484375 0.1203125 0.0484375 0.178125
1 0.1453125 0.1453125 0.0140625 0.021875
2 0.22265625 0.26328125 0.07734375 0.321875
0 0.2140625 0.128125 0.0203125 0.04140625
1 0.22265625 0.33828125 0.01875 0.0296875
2 0.28828125 0.271875 0.07265625 0.28671875
1 0.2921875 0.32890625 0.01875 0.0296875
0 0.28359375 0.1515625 0.0203125 0.03984375
2 0.2703125 0.1515625 0.0640625 0.221875
0 0.26640625 0.06171875 0.0203125 0.03984375
2 0.37265625 0.3375 0.075 0.31328125
2 0.3421875 0.25078125 0.06484375 0.278125
0 0.36640625 0.203125 0.02265625 0.04140625
0 0.34140625 0.1296875 0.01875 0.03671875
2 0.4296875 0.2125 0.06875 0.278125
0 0.4234375 0.0921875 0.01875 0.03359375
1 0.37265625 0.390625 0.02109375 0.03203125
1 0.4375 0.29609375 0.0171875 0.028125
2 0.3859375 0.15 0.06640625 0.2484375
1 0.3953125 0.1890625 0.0171875 0.0265625
0 0.38359375 0.04609375 0.0203125 0.03828125
0 0.85390625 0.07890625 0.0203125 0.03984375