2 0.3546875 0.8390625 0.13515625 0.321875
2 0.35703125 0.56796875 0.1078125 0.4015625
2 0.24921875 0.41015625 0.09609375 0.33828125
2 0.19921875 0.34296875 0.07890625 0.3234375
1 0.3015625 0.8921875 0.0328125 0.053125
1 0.3484375 0.6421875 0.02890625 0.0453125
1 0.2421875 0.465625 0.0234375 0.03359375
1 0.2046875 0.42890625 0.02265625 0.03359375
0 0.1921875 0.2109375 0.0234375 0.046875
0 0.23671875 0.26796875 0.0234375 0.046875
0 0.315625 0.328125 0.025 0.0453125
0 0.3421875 0.4 0.02890625 0.05
1 0.1875 0.1265625 0.01640625 0.0234375
0 0.33984375 0.7234375 0.03515625 0.06328125
0 0.27578125 0.5875 0.0375 0.06484375
0 0.29375 0.5890625 0.0234375 0.06328125
2 0.3015625 0.771875 0.1171875 0.43671875
2 0.184375 0.1171875 0.05234375 0.15703125