2 0.5984375 0.44921875 0.10859375 0.396875
2 0.43671875 0.45703125 0.0953125 0.36015625
2 0.47421875 0.328125 0.0953125 0.33203125
2 0.2984375 0.68203125 0.1203125 0.453125
2 0.1703125 0.40234375 0.1015625 0.371875
2 0.134375 0.33828125 0.07734375 0.29140625
2 0.2640625 0.4125 0.0890625 0.328125
2 0.47578125 0.06796875 0.0484375 0.1359375
2 0.40625 0.0671875 0.04609375 0.1203125
2 0.096875 0.81640625 0.13359375 0.36640625
2 0.5609375 0.24609375 0.08359375 0.328125
0 0.221875 0.80234375 0.04140625 0.06796875
0 0.446875 0.73203125 0.0421875 0.08359375
0 0.2796875 0.49140625 0.0328125 0.053125
0 0.2578125 0.28203125 0.02890625 0.053125
0 0.1546875 0.246875 0.0359375 0.053125
0 0.58671875 0.284375 0.02890625 0.05859375
0 0.465625 0.19609375 0.0234375 0.0453125
0 0.1265625 0.2125 0.0203125 0.03359375
1 0.0671875 0.2796875 0.025 0.03984375
1 0.13359375 0.378125 0.02265625 0.03359375
1 0.1609375 0.46484375 0.02265625 0.03671875
1 0.29375 0.77421875 0.02890625 0.03984375
1 0.4421875 0.57265625 0.02265625 0.03828125
1 0.48046875 0.4265625 0.02265625 0.03515625
1 0.3234375 0.33671875 0.0328125 0.03828125
1 0.6046875 0.55 0.0234375 0.03828125
1 0.47578125 0.0546875 0.0140625 0.0203125
1 0.40546875 0.0796875 0.0125 0.025
1 0.27578125 0.08046875 0.0140625 0.0203125
1 0.1515625 0.075 0.0140625 0.0203125
2 0.45234375 0.84140625 0.12265625 0.31640625
0 0.0234375 0.85078125 0.0234375 0.071875
2 0.5203125 0.721875 0.11640625 0.43984375
2 0.228125 0.8796875 0.14375 0.23984375