2 0.6765625 0.52109375 0.09765625 0.3953125
2 0.09453125 0.72734375 0.11640625 0.46640625
2 0.1984375 0.58671875 0.1 0.41640625
2 0.32578125 0.8234375 0.11875 0.353125
2 0.5546875 0.78671875 0.1140625 0.4265625
2 0.45625 0.6109375 0.1 0.41640625
2 0.74296875 0.2546875 0.0984375 0.31015625
2 0.28828125 0.48671875 0.0953125 0.3453125
2 0.1578125 0.20703125 0.06640625 0.25859375
2 0.253125 0.19921875 0.0609375 0.275
2 0.47421875 0.2671875 0.0671875 0.28515625
2 0.6515625 0.1875 0.0875 0.278125
2 0.03671875 0.6125 0.0734375 0.41796875
0 0.01953125 0.440625 0.0296875 0.06328125
0 0.08359375 0.53046875 0.0375 0.06796875
0 0.18125 0.41640625 0.03515625 0.05859375
0 0.1453125 0.1 0.0203125 0.046875
0 0.19921875 0.2921875 0.0265625 0.0484375
0 0.278125 0.3390625 0.02265625 0.04296875
0 0.30234375 0.22109375 0.02734375 0.03828125
0 0.3109375 0.68359375 0.03515625 0.075
0 0.3359375 0.5328125 0.03125 0.06015625
0 0.44140625 0.434375 0.0296875 0.071875
0 0.53984375 0.61640625 0.0359375 0.0734375
0 0.6640625 0.36328125 0.0328125 0.06640625
0 0.60546875 0.26484375 0.02109375 0.0484375
0 0.54296875 0.36015625 0.0296875 0.06328125
0 0.3265625 0.178125 0.02890625 0.04296875
0 0.4109375 0.253125 0.0265625 0.0515625
0 0.40546875 0.1765625 0.025 0.04296875
0 0.4640625 0.14609375 0.02265625 0.03671875
0 0.5234375 0.090625 0.0203125 0.028125
0 0.56484375 0.0359375 0.01484375 0.028125
0 0.640625 0.071875 0.0171875 0.03984375
0 0.73671875 0.13203125 0.0203125 0.0453125
0 0.4890625 0.778125 0.04375 0.075
0 0.2265625 0.86171875 0.0453125 0.08984375
0 0.0796875 0.37109375 0.02265625 0.04296875
1 0.02578125 0.68671875 0.025 0.0484375
1 0.0828125 0.82578125 0.0265625 0.0453125
1 0.20234375 0.67890625 0.025 0.0484375
1 0.2953125 0.56171875 0.02265625 0.03671875
1 0.33359375 0.9984375 0.0296875 0.003125
1 0.559375 0.90859375 0.0296875 0.0546875
1 0.4484375 0.6859375 0.0265625 0.0515625
1 0.68828125 0.58671875 0.02109375 0.03359375
1 0.62578125 0.48203125 0.02265625 0.03984375
1 0.55859375 0.59453125 0.0203125 0.03359375
1 0.48359375 0.3578125 0.01875 0.03359375
1 0.33984375 0.3609375 0.01875 0.0296875
1 0.3203125 0.42421875 0.0203125 0.03515625
1 0.29609375 0.17734375 0.0140625 0.0203125
1 0.25625 0.2484375 0.01640625 0.0265625
0 0.24609375 0.0859375 0.01640625 0.03203125
0 0.3765625 0.05390625 0.0203125 0.03203125
0 0.35703125 0.07109375 0.01875 0.03359375
1 0.38515625 0.184375 0.01484375 0.0265625
1 0.67265625 0.26015625 0.01640625 0.0265625
1 0.7703125 0.309375 0.01875 0.028125
1 0.16171875 0.2625 0.01875 0.028125
1 0.10234375 0.1921875 0.0125 0.025
1 0.21796875 0.215625 0.0140625 0.025
2 0.6125 0.42265625 0.0921875 0.3703125
2 0.40390625 0.51640625 0.08515625 0.39140625
0 0.4015625 0.353125 0.025 0.0546875
2 0.571875 0.14296875 0.07109375 0.2453125
2 0.22734375 0.90625 0.1421875 0.1875
2 0.54921875 0.50703125 0.10234375 0.36328125
2 0.5234375 0.3109375 0.07265625 0.21484375
2 0.5296875 0.190625 0.06484375 0.23671875
2 0.33828125 0.29140625 0.0640625 0.2703125
2 0.3171875 0.3515625 0.08984375 0.31328125
2 0.0984375 0.16328125 0.06484375 0.23515625
2 0.290625 0.128125 0.0515625 0.19296875