2 0.03125 0.7203125 0.0625 0.41796875
0 0.009375 0.5453125 0.01875 0.06328125
2 0.2140625 0.7421875 0.09609375 0.48203125
0 0.20703125 0.53828125 0.03515625 0.0703125
1 0.1890625 0.828125 0.02890625 0.0453125
2 0.15625 0.52265625 0.08125 0.41171875
0 0.153125 0.3703125 0.02890625 0.06015625
0 0.16484375 0.340625 0.025 0.04296875
1 0.1515625 0.628125 0.0265625 0.04296875
2 0.1171875 0.42734375 0.0625 0.36484375
0 0.1265625 0.27734375 0.02890625 0.05703125
1 0.121875 0.5046875 0.0203125 0.0453125
2 0.3015625 0.434375 0.07109375 0.38203125
0 0.30390625 0.2703125 0.0234375 0.05703125
1 0.3 0.49921875 0.02265625 0.03203125
2 0.234375 0.5390625 0.0875 0.271875
0 0.22578125 0.425 0.02734375 0.04140625
2 0.21875 0.4046875 0.0625 0.18828125
0 0.21171875 0.3359375 0.02265625 0.046875
2 0.16171875 0.27734375 0.05625 0.13984375
0 0.153125 0.2265625 0.02109375 0.03828125
2 0.14921875 0.2171875 0.04375 0.09296875
0 0.1484375 0.1828125 0.01875 0.025
2 0.2140625 0.30703125 0.0484375 0.13984375
0 0.21484375 0.2546875 0.0203125 0.03984375
2 0.21796875 0.225 0.0484375 0.13828125
0 0.2203125 0.17265625 0.0171875 0.03359375
2 0.2515625 0.2875 0.0484375 0.178125
0 0.24921875 0.21796875 0.0203125 0.03203125
2 0.30234375 0.24609375 0.0609375 0.16171875
0 0.3 0.1828125 0.0203125 0.03671875
2 0.34609375 0.38359375 0.0515625 0.3203125
0 0.34453125 0.23984375 0.0203125 0.03671875
2 0.3984375 0.45234375 0.0734375 0.3734375
1 0.39765625 0.5125 0.02265625 0.03515625
0 0.40625 0.2890625 0.02265625 0.046875
2 0.42890625 0.3703125 0.05859375 0.325
0 0.4171875 0.228125 0.02265625 0.04140625
2 0.4828125 0.45234375 0.0625 0.346875
1 0.4796875 0.52421875 0.02265625 0.03828125
2 0.5734375 0.4359375 0.07265625 0.3515625
0 0.5828125 0.28515625 0.0265625 0.05
1 0.59375 0.49609375 0.02109375 0.03515625
2 0.63046875 0.38046875 0.05625 0.33203125
1 0.62578125 0.471875 0.01875 0.03203125
0 0.63046875 0.24453125 0.02265625 0.03671875
0 0.621875 0.234375 0.02265625 0.03984375
2 0.553125 0.26171875 0.05 0.2296875
0 0.55546875 0.16640625 0.0171875 0.03984375
2 0.51171875 0.346875 0.0609375 0.278125
0 0.50390625 0.23203125 0.02265625 0.046875
2 0.4875 0.23359375 0.0375 0.1265625
0 0.49453125 0.18984375 0.02109375 0.03984375
2 0.4671875 0.26328125 0.0515625 0.28203125
0 0.48125 0.14140625 0.0171875 0.03984375
2 0.52734375 0.13046875 0.0578125 0.175
0 0.52890625 0.0640625 0.0203125 0.03515625
2 0.6484375 0.33359375 0.0484375 0.29296875
0 0.63984375 0.2015625 0.02265625 0.0265625