2 0.69765625 0.5484375 0.1015625 0.41484375
2 0.446875 0.496875 0.0890625 0.40859375
2 0.28515625 0.36171875 0.08984375 0.38828125
2 0.10546875 0.659375 0.0984375 0.46796875
2 0.228125 0.51328125 0.0875 0.36171875
2 0.66171875 0.20546875 0.14375 0.31796875
2 0.0578125 0.32421875 0.08359375 0.30859375
2 0.1328125 0.29765625 0.06640625 0.3015625
2 0.084375 0.19765625 0.0484375 0.2484375
0 0.090625 0.4546875 0.0265625 0.05
0 0.0484375 0.190625 0.0171875 0.028125
0 0.2203125 0.36796875 0.0265625 0.05703125
0 0.2734375 0.221875 0.025 0.053125
0 0.4328125 0.334375 0.02734375 0.053125
0 0.69609375 0.38203125 0.0296875 0.05
1 0.065625 0.41328125 0.0171875 0.0296875
1 0.1234375 0.328125 0.01875 0.03359375
1 0.19765625 0.13046875 0.0140625 0.021875
1 0.2921875 0.05703125 0.0125 0.01796875
1 0.2796875 0.4234375 0.0203125 0.03203125
1 0.23046875 0.58671875 0.02265625 0.03359375
1 0.0953125 0.73515625 0.0234375 0.03984375
1 0.44296875 0.57265625 0.0234375 0.03984375
1 0.4484375 0.08671875 0.0125 0.021875
1 0.41640625 0.06640625 0.0125 0.021875
0 0.6546875 0.08828125 0.02109375 0.03359375
1 0.7046875 0.24765625 0.0140625 0.028125
2 0.0328125 0.58828125 0.06484375 0.38984375
2 0.1265625 0.12109375 0.05234375 0.171875
2 0.1984375 0.10859375 0.04375 0.15703125