2 0.2671875 0.42578125 0.0890625 0.36796875
2 0.17890625 0.2671875 0.11015625 0.33359375
2 0.4359375 0.6109375 0.12265625 0.43359375
2 0.49375 0.34609375 0.0875 0.34296875
2 0.3515625 0.278125 0.07890625 0.31015625
2 0.4859375 0.18046875 0.1265625 0.296875
2 0.36875 0.1234375 0.05859375 0.23359375
0 0.15546875 0.13359375 0.02109375 0.03671875
0 0.24765625 0.27890625 0.02734375 0.053125
0 0.34296875 0.15703125 0.0234375 0.0484375
0 0.39765625 0.16953125 0.01875 0.03203125
0 0.4828125 0.19921875 0.0234375 0.0453125
0 0.415625 0.484375 0.03984375 0.0734375
0 0.4234375 0.43671875 0.03359375 0.06640625
2 0.4109375 0.29765625 0.0703125 0.31171875
1 0.0546875 0.49453125 0.0359375 0.0453125
1 0.2109375 0.309375 0.01484375 0.0234375
1 0.2640625 0.028125 0.0109375 0.01796875
1 0.37578125 0.16171875 0.01640625 0.0265625
1 0.35859375 0.36484375 0.0203125 0.0296875
1 0.26171875 0.48828125 0.0234375 0.03203125
1 0.425 0.69921875 0.0296875 0.046875
1 0.4796875 0.39609375 0.0203125 0.03359375
1 0.40234375 0.37421875 0.0203125 0.03203125
1 0.5328125 0.2046875 0.01640625 0.0265625
0 0.87734375 0.0265625 0.025 0.03515625
0 0.3609375 0.02109375 0.01484375 0.03203125