2 0.50234375 0.65234375 0.1140625 0.4734375
2 0.1484375 0.61171875 0.1125 0.46484375
2 0.35 0.5375 0.1125 0.41484375
2 0.2859375 0.28515625 0.07890625 0.31796875
2 0.37890625 0.34609375 0.07890625 0.31484375
2 0.56484375 0.07578125 0.05234375 0.1515625
2 0.4265625 0.16171875 0.0640625 0.2703125
2 0.2234375 0.16484375 0.0734375 0.29140625
2 0.17421875 0.0859375 0.05625 0.171875
2 0.24453125 0.11640625 0.0578125 0.2328125
2 0.3453125 0.13359375 0.06875 0.26640625
0 0.1546875 0.415625 0.0328125 0.05703125
0 0.3578125 0.36328125 0.0234375 0.05
0 0.290625 0.15234375 0.02109375 0.04296875
0 0.2234375 0.04140625 0.01875 0.03515625
0 0.3515625 0.01953125 0.0171875 0.03828125
0 0.43046875 0.05078125 0.01875 0.03828125
0 0.38515625 0.2234375 0.025 0.0515625
0 0.40234375 0.8609375 0.0453125 0.0984375
0 0.50703125 0.45546875 0.03359375 0.06484375
1 0.13203125 0.7390625 0.02734375 0.0515625
1 0.33671875 0.6171875 0.0265625 0.04296875
1 0.2765625 0.34140625 0.02109375 0.03671875
1 0.3390625 0.2015625 0.0171875 0.0296875
1 0.246875 0.14765625 0.0171875 0.0265625
1 0.2203125 0.20390625 0.0171875 0.0265625
1 0.4234375 0.23515625 0.0203125 0.0265625
1 0.48671875 0.72421875 0.02890625 0.0484375
1 0.5640625 0.08671875 0.01640625 0.021875
1 0.46015625 0.01015625 0.0140625 0.0203125
1 0.4859375 0.01015625 0.0125 0.0203125
1 0.1671875 0.0859375 0.01484375 0.025
2 0.5078125 0.12734375 0.0609375 0.23671875