2 0.1546875 0.90078125 0.11640625 0.1984375
0 0.1453125 0.8546875 0.04140625 0.096875
2 0.22578125 0.67421875 0.09765625 0.43515625
0 0.21328125 0.496875 0.03125 0.071875
1 0.2234375 0.7453125 0.0296875 0.0515625
2 0.3890625 0.5921875 0.1015625 0.43515625
0 0.378125 0.41328125 0.03359375 0.075
1 0.39296875 0.6859375 0.02734375 0.03828125
2 0.5765625 0.61796875 0.11015625 0.43359375
0 0.5609375 0.4234375 0.025 0.03671875
1 0.57890625 0.71484375 0.02734375 0.04140625
2 0.4921875 0.390625 0.0875 0.3515625
0 0.4890625 0.2453125 0.02265625 0.0546875
1 0.50078125 0.4578125 0.0234375 0.03515625
2 0.20390625 0.3875 0.09609375 0.3203125
0 0.1859375 0.259375 0.0234375 0.03984375
2 0.23203125 0.2671875 0.06640625 0.28828125
0 0.22890625 0.1421875 0.0203125 0.03359375
1 0.2296875 0.31640625 0.01875 0.028125
2 0.40390625 0.234375 0.0671875 0.278125
0 0.396875 0.11484375 0.0171875 0.03203125
1 0.4046875 0.271875 0.0171875 0.028125
0 0.38515625 0.44140625 0.02734375 0.046875
1 0.02109375 0.359375 0.03125 0.04140625
1 0.11328125 0.1109375 0.0234375 0.028125
1 0.33828125 0.04296875 0.0125 0.0234375
0 0.98203125 0.96328125 0.0359375 0.0734375
0 0.925 0.10859375 0.02109375 0.03515625
0 0.7234375 0.0375 0.0140625 0.0296875