2 0.040625 0.54140625 0.07734375 0.4046875
2 0.1375 0.6015625 0.0875 0.41640625
2 0.1578125 0.3328125 0.06015625 0.3203125
2 0.2625 0.34296875 0.0609375 0.3234375
2 0.334375 0.5359375 0.0640625 0.3703125
2 0.4859375 0.4484375 0.06484375 0.36171875
2 0.79140625 0.62578125 0.1828125 0.44140625
2 0.7515625 0.2 0.08515625 0.28828125
2 0.5234375 0.178125 0.0546875 0.2796875
2 0.36484375 0.2453125 0.06015625 0.28828125
2 0.41640625 0.1203125 0.05390625 0.23984375
0 0.03515625 0.36484375 0.0296875 0.05859375
0 0.1234375 0.42265625 0.02265625 0.0484375
0 0.1390625 0.428125 0.02109375 0.053125
0 0.15390625 0.19921875 0.0203125 0.03984375
0 0.16484375 0.0828125 0.0140625 0.03828125
0 0.253125 0.09609375 0.0234375 0.04140625
0 0.26015625 0.2015625 0.01875 0.04140625
0 0.4828125 0.29296875 0.02109375 0.04140625
0 0.5203125 0.06796875 0.01875 0.03828125
0 0.3671875 0.12734375 0.0203125 0.046875
1 0.259375 0.4015625 0.0171875 0.0265625
1 0.06875 0.0796875 0.01875 0.03203125
1 0.02734375 0.6453125 0.02265625 0.03359375
1 0.1328125 0.73359375 0.025 0.03828125
1 0.3328125 0.60390625 0.02109375 0.03671875
1 0.48984375 0.525 0.02265625 0.03203125
0 0.74921875 0.09609375 0.0171875 0.03984375
0 0.8046875 0.44140625 0.02734375 0.0515625
0 0.328125 0.73828125 0.0390625 0.0734375
1 0.35859375 0.3078125 0.01640625 0.0265625
2 0.3265625 0.8484375 0.10625 0.2953125
2 0.478125 0.08203125 0.0453125 0.16328125
1 0.421875 0.16484375 0.01484375 0.025
1 0.5203125 0.2375 0.01640625 0.0265625
1 0.4765625 0.10390625 0.0140625 0.025
1 0.278125 0.0703125 0.0125 0.021875