2 0.11796875 0.38203125 0.07890625 0.34296875
2 0.0484375 0.37734375 0.0609375 0.3484375
2 0.184375 0.4015625 0.07109375 0.328125
2 0.2515625 0.3890625 0.06640625 0.33828125
2 0.2890625 0.3296875 0.0578125 0.31796875
2 0.35546875 0.32109375 0.0671875 0.33203125
2 0.4140625 0.33984375 0.06640625 0.33359375
2 0.5453125 0.35078125 0.0671875 0.33515625
2 0.1859375 0.7859375 0.10625 0.425
0 0.04296875 0.2296875 0.02265625 0.0484375
0 0.10625 0.22890625 0.0203125 0.03515625
0 0.1203125 0.22734375 0.0171875 0.03203125
0 0.1796875 0.25390625 0.02265625 0.028125
0 0.2484375 0.2375 0.01875 0.0296875
0 0.28125 0.19296875 0.01875 0.03828125
0 0.3484375 0.17578125 0.02109375 0.03828125
0 0.4046875 0.21015625 0.0234375 0.03515625
0 0.4078125 0.1890625 0.02109375 0.0265625
0 0.1890625 0.6125 0.03125 0.05859375
0 0.1734375 0.61484375 0.025 0.0703125
0 0.0078125 0.2609375 0.01484375 0.03515625
0 0.2 0.20703125 0.01875 0.03828125
0 0.02734375 0.190625 0.01640625 0.03203125
0 0.1203125 0.190625 0.01875 0.03203125
0 0.54453125 0.20859375 0.0203125 0.04296875
1 0.0453125 0.43984375 0.02109375 0.03203125
1 0.10859375 0.4671875 0.02109375 0.03359375
1 0.1765625 0.47890625 0.0203125 0.03515625
1 0.24609375 0.45390625 0.02109375 0.03515625
1 0.28125 0.4046875 0.0203125 0.03359375
1 0.3515625 0.36796875 0.0203125 0.0265625
1 0.40234375 0.40703125 0.0203125 0.03671875
1 0.159375 0.9875 0.02890625 0.0234375
1 0.54296875 0.4109375 0.01875 0.028125
0 0.0234375 0.83359375 0.03984375 0.06640625
0 0.0203125 0.96640625 0.02890625 0.0546875
2 0.4828125 0.82421875 0.12265625 0.346875
0 0.484375 0.69453125 0.04140625 0.09140625
0 0.5296875 0.96015625 0.0375 0.0703125
1 0.0890625 0.04296875 0.0125 0.0234375
2 0.0203125 0.41640625 0.03984375 0.34296875