2 0.0640625 0.77265625 0.10390625 0.421875
0 0.028125 0.6015625 0.0296875 0.06640625
2 0.253125 0.7640625 0.12890625 0.471875
0 0.2265625 0.5703125 0.03984375 0.0734375
1 0.2375 0.86015625 0.0328125 0.0484375
2 0.17578125 0.5609375 0.11015625 0.41640625
0 0.1578125 0.40859375 0.0328125 0.06328125
0 0.1671875 0.378125 0.02890625 0.046875
1 0.18125 0.66640625 0.0296875 0.046875
2 0.12734375 0.47109375 0.0875 0.36796875
0 0.1234375 0.32109375 0.0328125 0.06015625
1 0.13984375 0.54765625 0.025 0.046875
2 0.31171875 0.45390625 0.09765625 0.38515625
0 0.2984375 0.290625 0.02734375 0.05859375
1 0.315625 0.51953125 0.0234375 0.03359375
2 0.2546875 0.5671875 0.10625 0.2796875
0 0.23515625 0.4546875 0.0328125 0.0453125
2 0.22578125 0.4359375 0.075 0.19296875
0 0.2125 0.3671875 0.0265625 0.0484375
2 0.1578125 0.315625 0.06640625 0.14296875
0 0.14375 0.265625 0.025 0.03984375
2 0.1390625 0.2578125 0.05 0.0984375
0 0.13515625 0.22265625 0.0203125 0.0265625
2 0.2109375 0.33828125 0.05859375 0.1453125
0 0.2078125 0.28671875 0.025 0.04140625
2 0.20859375 0.25703125 0.05859375 0.14296875
0 0.20625 0.20390625 0.0203125 0.03515625
2 0.24765625 0.3140625 0.0609375 0.18359375
0 0.2390625 0.24609375 0.02109375 0.03359375
2 0.29375 0.26640625 0.07109375 0.16640625
0 0.2859375 0.20390625 0.0234375 0.03828125
2 0.35078125 0.39765625 0.075 0.325
0 0.33515625 0.25546875 0.0234375 0.03828125
2 0.40859375 0.4609375 0.0984375 0.378125
1 0.4140625 0.5203125 0.0265625 0.03671875
0 0.4015625 0.29765625 0.02734375 0.05
2 0.43125 0.375 0.0828125 0.3296875
0 0.40625 0.23515625 0.0265625 0.04296875
2 0.4921875 0.45078125 0.0859375 0.35
1 0.49609375 0.52265625 0.025 0.03984375
2 0.58125 0.421875 0.09765625 0.35703125
0 0.5765625 0.27109375 0.0296875 0.0515625
1 0.60703125 0.4796875 0.025 0.03671875
2 0.6328125 0.3609375 0.0796875 0.33671875
1 0.6359375 0.4515625 0.02109375 0.03359375
0 0.61953125 0.225 0.025 0.03828125
0 0.61015625 0.215625 0.025 0.04140625
2 0.54453125 0.2515625 0.06484375 0.23515625
0 0.5375 0.1578125 0.02109375 0.04140625
2 0.5109375 0.340625 0.08125 0.28203125
0 0.4921875 0.228125 0.0265625 0.05
2 0.4765625 0.23203125 0.04765625 0.1296875
0 0.4796875 0.1875 0.025 0.04140625
2 0.45859375 0.26328125 0.0703125 0.28671875
0 0.46171875 0.140625 0.02109375 0.04140625
2 0.50625 0.125 0.0671875 0.178125
0 0.5015625 0.05859375 0.0234375 0.03671875
2 0.64609375 0.31171875 0.06875 0.2984375
0 0.625 0.18203125 0.0234375 0.0296875