2 0.1234375 0.28671875 0.09609375 0.33515625
2 0.1828125 0.3203125 0.09140625 0.3484375
2 0.2296875 0.27734375 0.07890625 0.328125
2 0.2765625 0.375 0.0953125 0.36796875
2 0.34296875 0.35390625 0.0890625 0.3453125
2 0.4140625 0.3375 0.09140625 0.3515625
2 0.48203125 0.325 0.08359375 0.33671875
2 0.54453125 0.3578125 0.0875 0.34296875
2 0.61484375 0.32734375 0.1046875 0.33515625
2 0.534375 0.79765625 0.1484375 0.38359375
2 0.3015625 0.7609375 0.13125 0.43203125
2 0.04765625 0.7421875 0.0953125 0.41796875
2 0.1484375 0.58203125 0.1140625 0.43828125
2 0.275 0.58671875 0.11640625 0.43203125
0 0.05390625 0.1265625 0.02734375 0.04296875
0 0.05703125 0.08984375 0.0265625 0.03828125
0 0.1265625 0.14609375 0.02734375 0.03984375
0 0.19453125 0.17109375 0.02890625 0.04140625
0 0.24140625 0.140625 0.02890625 0.04296875
0 0.2921875 0.17578125 0.02734375 0.03828125
0 0.3546875 0.20390625 0.0265625 0.03671875
0 0.2859375 0.21640625 0.03125 0.04140625
0 0.1609375 0.39453125 0.03359375 0.05859375
0 0.2875 0.4171875 0.03515625 0.05703125
0 0.30859375 0.58515625 0.03515625 0.06328125
0 0.021875 0.5765625 0.04140625 0.075
0 0.42578125 0.190625 0.02734375 0.05
0 0.37421875 0.1578125 0.02890625 0.05859375
0 0.025 0.1265625 0.01484375 0.0546875
0 0.5015625 0.18359375 0.02265625 0.04296875
0 0.4875 0.18359375 0.0171875 0.0453125
0 0.5515625 0.21328125 0.03359375 0.05
0 0.6234375 0.18515625 0.02109375 0.03515625
0 0.5421875 0.646875 0.03984375 0.06640625
0 0.37890625 0.83671875 0.0515625 0.08359375
0 0.3546875 0.81328125 0.0359375 0.075
1 0.10234375 0.36015625 0.02265625 0.03671875
1 0.1375 0.67578125 0.03125 0.0453125
1 0.2625 0.746875 0.03515625 0.0453125
1 0.265625 0.90546875 0.03359375 0.0515625
1 0.3421875 0.41328125 0.025 0.03515625
1 0.4109375 0.40703125 0.02109375 0.03515625
1 0.46328125 0.43828125 0.0234375 0.03828125
1 0.21171875 0.365625 0.0234375 0.03671875
1 0.53671875 0.4484375 0.0234375 0.03984375
1 0.6125 0.39453125 0.025 0.03828125