2 0.3828125 0.17109375 0.06875 0.26484375
2 0.4109375 0.5953125 0.12265625 0.43515625
2 0.4203125 0.07890625 0.0578125 0.13828125
2 0.18828125 0.08203125 0.0703125 0.10859375
2 0.2171875 0.35390625 0.0921875 0.35
1 0.2109375 0.4359375 0.0203125 0.03203125
0 0.39375 0.4203125 0.03125 0.05703125
2 0.31953125 0.09609375 0.0484375 0.1515625
2 0.034375 0.37421875 0.0640625 0.371875
1 0.015625 0.43046875 0.01875 0.0296875
1 0.38046875 0.21171875 0.01875 0.0234375
1 0.4203125 0.690625 0.02734375 0.03828125
0 0.0078125 0.21328125 0.0109375 0.0265625
0 0.20546875 0.209375 0.01875 0.0453125
1 0.3171875 0.11796875 0.0140625 0.0203125
1 0.4234375 0.10078125 0.01484375 0.0203125
0 0.3703125 0.05234375 0.0203125 0.03515625
1 0.2078125 0.05234375 0.0125 0.025
0 0.0109375 0.2484375 0.01484375 0.04296875
0 0.390625 0.3921875 0.03125 0.03984375