2 0.4984375 0.2921875 0.0765625 0.321875
2 0.125 0.75703125 0.1046875 0.48515625
2 0.07578125 0.36328125 0.07890625 0.321875
2 0.2984375 0.14453125 0.05234375 0.23671875
2 0.37265625 0.2671875 0.0734375 0.2953125
0 0.2890625 0.04296875 0.01484375 0.03359375
0 0.35859375 0.1375 0.01640625 0.028125
0 0.3703125 0.146875 0.0203125 0.03671875
0 0.39296875 0.065625 0.0171875 0.03359375
0 0.4875 0.1734375 0.02265625 0.0484375
1 0.29765625 0.1859375 0.0140625 0.0265625
1 0.38125 0.33046875 0.01875 0.0265625
1 0.49921875 0.35390625 0.01875 0.028125
1 0.559375 0.13203125 0.0140625 0.021875
1 0.4078125 0.0734375 0.0140625 0.0203125
0 0.0609375 0.2296875 0.0265625 0.05
0 0.11328125 0.56796875 0.03125 0.0546875
0 0.1859375 0.70234375 0.03984375 0.071875
1 0.1265625 0.86796875 0.03359375 0.0515625
1 0.06875 0.4375 0.0203125 0.03359375
1 0.0765625 0.15703125 0.0140625 0.0234375
0 0.33515625 0.96796875 0.0453125 0.05859375
0 0.89453125 0.059375 0.0234375 0.0515625
1 0.0203125 0.584375 0.0171875 0.04140625
2 0.02890625 0.5234375 0.0453125 0.3296875
2 0.5484375 0.0890625 0.0546875 0.178125
2 0.4671875 0.10859375 0.0515625 0.21640625
2 0.39453125 0.17109375 0.0578125 0.2546875
2 0.25703125 0.1234375 0.05 0.21796875
2 0.0671875 0.12421875 0.05390625 0.19296875
2 0.203125 0.8296875 0.12109375 0.33828125