2 0.60390625 0.67109375 0.09375 0.475
2 0.28359375 0.27890625 0.0671875 0.321875
2 0.38125 0.1609375 0.0625 0.2734375
2 0.59453125 0.3734375 0.0953125 0.35859375
2 0.1890625 0.79609375 0.1140625 0.40703125
2 0.1453125 0.71328125 0.07109375 0.4234375
2 0.23046875 0.190625 0.0609375 0.26171875
2 0.11015625 0.58984375 0.0953125 0.3515625
1 0.1015625 0.71796875 0.025 0.03984375
1 0.134375 0.80234375 0.02734375 0.04140625
1 0.17890625 0.95 0.03125 0.0484375
1 0.36953125 0.62109375 0.03515625 0.06015625
1 0.5921875 0.75390625 0.0265625 0.04140625
1 0.6078125 0.44765625 0.02109375 0.03203125
1 0.2828125 0.3453125 0.01640625 0.0265625
1 0.384375 0.20390625 0.0171875 0.028125
1 0.4421875 0.090625 0.01015625 0.01640625
1 0.2296875 0.2375 0.01484375 0.025
0 0.1703125 0.63671875 0.0359375 0.06484375
0 0.5796875 0.2203125 0.02265625 0.0453125
0 0.53828125 0.8828125 0.04375 0.08359375
0 0.5890625 0.465625 0.0296875 0.0546875
0 0.10546875 0.43828125 0.02734375 0.0546875
0 0.13515625 0.5328125 0.03359375 0.0515625
0 0.2703125 0.14140625 0.0140625 0.03203125
0 0.3796875 0.0578125 0.0203125 0.03828125
0 0.37109375 0.046875 0.0140625 0.03515625
0 0.21875 0.084375 0.02109375 0.04140625
0 0.03203125 0.94140625 0.0296875 0.1015625