2 0.08359375 0.8 0.09609375 0.36171875
0 0.08984375 0.65390625 0.0390625 0.06484375
2 0.15546875 0.8265625 0.1234375 0.31171875
0 0.14296875 0.7125 0.0375 0.071875
2 0.2515625 0.9078125 0.11640625 0.153125
0 0.234375 0.86796875 0.0359375 0.06796875
2 0.540625 0.8515625 0.1203125 0.26015625
0 0.53984375 0.7703125 0.04140625 0.08359375
2 0.31796875 0.27265625 0.0734375 0.2984375
0 0.30859375 0.1484375 0.0234375 0.04296875
1 0.30625 0.36328125 0.02109375 0.03359375
2 0.47109375 0.18046875 0.1234375 0.28203125
0 0.4796875 0.0671875 0.0234375 0.046875
0 0.509375 0.06484375 0.0234375 0.04296875
1 0.51953125 0.228125 0.01640625 0.03203125
0 0.8484375 0.05546875 0.01875 0.03984375
0 0.88828125 0.17890625 0.0171875 0.0453125