2 0.12421875 0.56953125 0.1125 0.43203125
2 0.25234375 0.34140625 0.0859375 0.34296875
2 0.4125 0.27578125 0.0734375 0.31171875
2 0.49296875 0.33671875 0.0828125 0.3484375
2 0.71015625 0.26796875 0.1578125 0.31328125
2 0.35625 0.12578125 0.0625 0.23671875
0 0.37109375 0.84140625 0.04609375 0.08203125
0 0.1671875 0.68671875 0.0390625 0.08515625
0 0.1328125 0.38515625 0.03125 0.0546875
1 0.10078125 0.640625 0.02734375 0.03828125
1 0.240625 0.39140625 0.02109375 0.03359375
1 0.4078125 0.34140625 0.02109375 0.03671875
1 0.49140625 0.415625 0.0203125 0.0296875
0 0.50390625 0.18984375 0.02109375 0.03828125
0 0.4203125 0.14765625 0.0234375 0.0453125
1 0.35 0.15546875 0.01640625 0.021875
0 0.2796875 0.03984375 0.01640625 0.028125
0 0.1640625 0.26328125 0.02734375 0.0484375
1 0.0765625 0.29296875 0.0375 0.04140625
0 0.72734375 0.153125 0.0234375 0.0484375
0 0.94921875 0.165625 0.025 0.0515625
0 0.2609375 0.2015625 0.0234375 0.046875
0 0.3640625 0.02421875 0.02265625 0.03203125
2 0.159375 0.80703125 0.12890625 0.33515625
2 0.4234375 0.07421875 0.05 0.1296875
2 0.25078125 0.10234375 0.05625 0.1953125
2 0.1578125 0.390625 0.09140625 0.321875
2 0.278125 0.128125 0.0625 0.21640625
2 0.31484375 0.07265625 0.05234375 0.13203125
1 0.2453125 0.1515625 0.01640625 0.028125
1 0.425 0.0875 0.0140625 0.025
1 0.3109375 0.0640625 0.01484375 0.025