2 0.5046875 0.46484375 0.1 0.3734375
2 0.32421875 0.5875 0.125 0.46796875
2 0.121875 0.590625 0.1234375 0.478125
2 0.2390625 0.425 0.0984375 0.3984375
2 0.3640625 0.33515625 0.0859375 0.3203125
2 0.43359375 0.10859375 0.0671875 0.21640625
2 0.553125 0.15390625 0.0703125 0.28359375
2 0.27734375 0.25078125 0.07109375 0.3046875
2 0.16796875 0.1390625 0.0734375 0.278125
0 0.1296875 0.38984375 0.0296875 0.06171875
0 0.33515625 0.3921875 0.02890625 0.06015625
0 0.2453125 0.26328125 0.025 0.053125
0 0.36640625 0.2046875 0.02734375 0.05
0 0.5140625 0.30703125 0.025 0.0484375
0 0.51484375 0.109375 0.0265625 0.04140625
0 0.5546875 0.0328125 0.0171875 0.03203125
0 0.2875 0.00859375 0.025 0.01640625
0 0.2328125 0.0765625 0.0234375 0.04140625
0 0.28203125 0.12578125 0.025 0.04296875
0 0.3703125 0.075 0.02265625 0.04296875
0 0.178125 0.025 0.0234375 0.04140625
0 0.009375 0.61640625 0.01875 0.08359375
1 0.1015625 0.70234375 0.0296875 0.04296875
1 0.2265625 0.5078125 0.0265625 0.04296875
1 0.31640625 0.66328125 0.02890625 0.04296875
1 0.16171875 0.1921875 0.0171875 0.028125
1 0.20625 0.390625 0.025 0.03671875
1 0.4328125 0.1453125 0.0171875 0.0265625
1 0.55 0.203125 0.0203125 0.025
1 0.4984375 0.52421875 0.025 0.03671875
1 0.38125 0.02734375 0.0140625 0.0203125
1 0.16015625 0.04140625 0.0234375 0.03359375
0 0.271875 0.8015625 0.04375 0.08359375
2 0.50625 0.2328125 0.07890625 0.29140625
2 0.221875 0.29921875 0.07265625 0.31328125
2 0.46171875 0.0578125 0.04609375 0.11484375
2 0.03046875 0.759375 0.0609375 0.378125