2 0.14140625 0.603125 0.08359375 0.4265625
2 0.2515625 0.36484375 0.0640625 0.33828125
2 0.40625 0.28359375 0.05390625 0.30859375
2 0.49140625 0.3375 0.06015625 0.3453125
2 0.70234375 0.24921875 0.1390625 0.3015625
2 0.3390625 0.1328125 0.04765625 0.2484375
0 0.40703125 0.85078125 0.04140625 0.078125
0 0.1921875 0.715625 0.03359375 0.0796875
0 0.1359375 0.41953125 0.02734375 0.0515625
1 0.1234375 0.67578125 0.0234375 0.03515625
1 0.24453125 0.415625 0.01875 0.03203125
1 0.40625 0.34921875 0.01875 0.03515625
1 0.4953125 0.41640625 0.01875 0.028125
0 0.490625 0.190625 0.0171875 0.03671875
0 0.4046875 0.15390625 0.0203125 0.04296875
1 0.33515625 0.16953125 0.01484375 0.0203125
0 0.25703125 0.0609375 0.01484375 0.0265625
0 0.1578125 0.29296875 0.0234375 0.0453125
1 0.0734375 0.3328125 0.03359375 0.03671875
0 0.7109375 0.13359375 0.0203125 0.046875
0 0.9328125 0.12421875 0.02109375 0.05
0 0.25078125 0.22421875 0.0203125 0.0453125
0 0.3390625 0.03046875 0.0203125 0.04140625
2 0.19375 0.8359375 0.10625 0.325
2 0.4015625 0.0765625 0.03984375 0.13671875
2 0.23125 0.1125 0.0421875 0.21640625
2 0.16171875 0.42109375 0.07109375 0.31640625
2 0.2609375 0.1484375 0.0484375 0.21328125
2 0.29296875 0.0796875 0.04375 0.1484375
1 0.1265625 0.01015625 0.01875 0.01328125
1 0.23046875 0.175 0.01484375 0.028125
1 0.4046875 0.09453125 0.0125 0.0234375
1 0.290625 0.08203125 0.0140625 0.025