2 0.596875 0.559375 0.1234375 0.428125
2 0.1359375 0.3828125 0.08984375 0.3796875
2 0.271875 0.3265625 0.08515625 0.36484375
2 0.40078125 0.54140625 0.09375 0.40703125
2 0.50078125 0.2328125 0.0765625 0.321875
2 0.5953125 0.26796875 0.0890625 0.31328125
1 0.325 0.171875 0.02890625 0.03515625
1 0.26171875 0.38671875 0.01875 0.03359375
1 0.39453125 0.6125 0.02265625 0.03515625
1 0.496875 0.29296875 0.01640625 0.0296875
1 0.45234375 0.1078125 0.0140625 0.025
1 0.5203125 0.05703125 0.0125 0.01484375
1 0.5984375 0.33515625 0.01640625 0.025
1 0.59765625 0.675 0.0234375 0.03828125
1 0.1328125 0.45546875 0.0203125 0.03359375
1 0.11640625 0.26328125 0.01484375 0.021875
2 0.12265625 0.18515625 0.0703125 0.29296875
1 0.065625 0.090625 0.02734375 0.03671875
0 0.13671875 0.22265625 0.0234375 0.03671875
0 0.2734375 0.1859375 0.02265625 0.03828125
0 0.39609375 0.36796875 0.0265625 0.03828125
0 0.49765625 0.10546875 0.02265625 0.03515625
0 0.5984375 0.14765625 0.02109375 0.03359375
0 0.5984375 0.3875 0.0296875 0.06484375
0 0.58984375 0.04765625 0.01640625 0.0296875