2 0.61328125 0.32421875 0.1140625 0.33515625
2 0.20703125 0.6609375 0.125 0.45859375
2 0.36015625 0.32890625 0.0765625 0.325
2 0.2453125 0.490625 0.0890625 0.378125
2 0.05078125 0.6265625 0.0984375 0.43984375
0 0.84296875 0.9640625 0.0515625 0.071875
0 0.1921875 0.46796875 0.02890625 0.05
0 0.178125 0.490625 0.03125 0.0515625
0 0.23359375 0.3390625 0.0265625 0.05703125
0 0.35703125 0.19453125 0.025 0.0453125
0 0.0265625 0.4453125 0.0296875 0.06015625
0 0.60703125 0.1921875 0.0234375 0.04140625
1 0.2765625 0.0609375 0.0140625 0.021875
1 0.365625 0.39765625 0.01875 0.0296875
1 0.65 0.3859375 0.0203125 0.028125
1 0.1828125 0.7578125 0.025 0.0453125
1 0.02265625 0.76015625 0.02109375 0.04296875
1 0.2421875 0.5765625 0.02109375 0.03984375
2 0.0671875 0.13515625 0.06484375 0.21171875