0 0.1796875 0.76953125 0.03984375 0.071875
0 0.18828125 0.625 0.03515625 0.06015625
0 0.2015625 0.13046875 0.0203125 0.03671875
0 0.27265625 0.17734375 0.0203125 0.0453125
0 0.290625 0.025 0.02109375 0.03828125
0 0.334375 0.0125 0.01640625 0.0203125
0 0.3484375 0.15859375 0.0203125 0.04140625
0 0.4515625 0.21953125 0.02109375 0.03671875
0 0.5984375 0.29609375 0.0296875 0.06328125
0 0.9609375 0.1296875 0.0171875 0.0296875
1 0.19921875 0.3203125 0.0171875 0.021875
2 0.19765625 0.271875 0.07890625 0.35859375
2 0.2671875 0.31015625 0.07734375 0.33984375
2 0.346875 0.309375 0.075 0.35859375
2 0.2890625 0.11796875 0.05625 0.23203125
2 0.38984375 0.25078125 0.05 0.30703125
1 0.38515625 0.30703125 0.01640625 0.03203125
1 0.4453125 0.440625 0.0203125 0.03671875
1 0.5875 0.52421875 0.01875 0.03203125
2 0.44296875 0.37734375 0.08359375 0.36171875
2 0.5984375 0.45 0.09765625 0.38203125
1 0.2734375 0.3765625 0.02109375 0.03515625
1 0.3359375 0.15234375 0.0140625 0.0265625
1 0.29453125 0.1640625 0.01640625 0.0296875