2 0.3578125 0.621875 0.12734375 0.46640625
2 0.153125 0.3109375 0.0875 0.34140625
2 0.3046875 0.29296875 0.0859375 0.33359375
2 0.43046875 0.30703125 0.08515625 0.328125
2 0.0546875 0.6 0.109375 0.421875
2 0.05234375 0.41015625 0.1046875 0.3703125
2 0.42890625 0.13359375 0.10234375 0.26640625
2 0.33828125 0.1109375 0.10625 0.221875
0 0.359375 0.4390625 0.02734375 0.0515625
0 0.4453125 0.80546875 0.0390625 0.0796875
0 0.3765625 0.43984375 0.0265625 0.06484375
0 0.43515625 0.1734375 0.0265625 0.04140625
0 0.05546875 0.41953125 0.03125 0.05859375
0 0.0203125 0.73046875 0.03984375 0.08671875
0 0.16484375 0.165625 0.02109375 0.04140625
0 0.3203125 0.1578125 0.0265625 0.053125
0 0.434375 0.01796875 0.01875 0.03203125
1 0.290625 0.359375 0.02109375 0.0296875
1 0.4265625 0.36640625 0.02265625 0.03359375
1 0.3328125 0.7265625 0.02734375 0.04140625
1 0.13984375 0.371875 0.0203125 0.028125
0 0.03515625 0.23984375 0.02265625 0.03984375
0 0.3265625 0.33515625 0.02265625 0.046875
2 0.0421875 0.8203125 0.084375 0.2625