2 0.1859375 0.36171875 0.07109375 0.3484375
2 0.3265625 0.36953125 0.0609375 0.3453125
2 0.54140625 0.78203125 0.13359375 0.40703125
2 0.2734375 0.15859375 0.04140625 0.25859375
2 0.3796875 0.2234375 0.05234375 0.29140625
0 0.18125 0.2234375 0.01875 0.046875
1 0.17109375 0.46640625 0.01875 0.03671875
0 0.31875 0.23203125 0.02109375 0.04140625
1 0.315625 0.446875 0.0203125 0.03671875
1 0.2734375 0.246875 0.01484375 0.0265625
1 0.3703125 0.30390625 0.0171875 0.0296875
0 0.37578125 0.0984375 0.01484375 0.03359375
0 0.2734375 0.0453125 0.01640625 0.028125
0 0.5578125 0.63984375 0.03515625 0.06015625
0 0.5328125 0.61953125 0.0375 0.06328125
2 0.07890625 0.1046875 0.0484375 0.209375
2 0.178125 0.07421875 0.04140625 0.1484375
2 0.2390625 0.08671875 0.04140625 0.1734375
2 0.3125 0.065625 0.040625 0.13125
2 0.37265625 0.06953125 0.05234375 0.13828125
1 0.0796875 0.13828125 0.01484375 0.0265625
1 0.1796875 0.07890625 0.01484375 0.021875
1 0.24140625 0.1 0.01484375 0.0203125
1 0.3109375 0.0609375 0.0140625 0.0234375
1 0.3890625 0.075 0.0140625 0.0203125