2 0.0671875 0.34140625 0.0828125 0.325
0 0.05625 0.20703125 0.0265625 0.04140625
1 0.0609375 0.39765625 0.0203125 0.03359375
1 0.12578125 0.453125 0.02109375 0.03203125
1 0.1859375 0.50859375 0.02265625 0.03515625
1 0.2671875 0.6234375 0.025 0.0453125
1 0.16484375 0.83671875 0.0296875 0.04296875
1 0.32265625 0.46640625 0.025 0.03828125
1 0.45703125 0.53046875 0.025 0.03984375
1 0.52578125 0.41796875 0.02265625 0.03515625
1 0.6671875 0.390625 0.0203125 0.03203125
1 0.6015625 0.275 0.0203125 0.03203125
1 0.853125 0.2859375 0.0203125 0.03359375
1 0.9703125 0.41328125 0.025 0.03828125
1 0.29140625 0.421875 0.0234375 0.03515625
2 0.6625 0.290625 0.0953125 0.35
2 0.8265625 0.23828125 0.09609375 0.321875
2 0.9546875 0.340625 0.08984375 0.3546875
2 0.621875 0.21640625 0.09140625 0.3
2 0.53125 0.34609375 0.09609375 0.34140625
2 0.48046875 0.465625 0.10625 0.38203125
2 0.33671875 0.40859375 0.0921875 0.35703125
2 0.290625 0.36171875 0.0671875 0.3234375
2 0.2671875 0.54453125 0.10390625 0.40859375
2 0.18671875 0.74296875 0.12734375 0.4796875
2 0.17734375 0.4390625 0.09609375 0.371875
2 0.115625 0.38671875 0.09375 0.33671875
0 0.1484375 0.196875 0.0234375 0.0484375
0 0.23046875 0.19609375 0.0234375 0.04140625
0 0.19296875 0.24453125 0.025 0.03984375
0 0.2765625 0.2234375 0.0234375 0.03828125
0 0.3296875 0.175 0.0234375 0.0484375
0 0.39609375 0.30078125 0.0265625 0.0453125
0 0.390625 0.21953125 0.0234375 0.03828125
0 0.46640625 0.06484375 0.025 0.03515625
0 0.5203125 0.20703125 0.0265625 0.0515625
0 0.646875 0.140625 0.0234375 0.03984375
0 0.8046875 0.1046875 0.0265625 0.04140625
0 0.10625 0.24765625 0.0265625 0.03984375
0 0.1171875 0.23828125 0.02265625 0.0296875
0 0.16796875 0.278125 0.0296875 0.04296875
0 0.25234375 0.37421875 0.0296875 0.0546875
0 0.1609375 0.54453125 0.03515625 0.06015625
0 0.4671875 0.30703125 0.02734375 0.0515625
0 0.9421875 0.196875 0.0234375 0.0515625
0 0.9546875 0.19453125 0.01640625 0.046875
2 0.4109375 0.45859375 0.09375 0.36328125
0 0.23984375 0.26328125 0.025 0.05703125