2 0.6421875 0.5359375 0.0734375 0.3953125
2 0.3859375 0.5421875 0.08125 0.38984375
2 0.30390625 0.53515625 0.08515625 0.41640625
2 0.49296875 0.553125 0.08984375 0.41796875
2 0.55625 0.528125 0.0703125 0.38984375
2 0.4328125 0.46796875 0.07265625 0.375
1 0.31328125 0.61015625 0.02265625 0.03203125
1 0.39140625 0.65 0.02265625 0.03984375
1 0.49375 0.66484375 0.02265625 0.03671875
1 0.43359375 0.534375 0.02109375 0.03203125
1 0.5390625 0.59453125 0.02109375 0.03359375
1 0.6390625 0.603125 0.02109375 0.03203125
1 0.1875 0.3078125 0.0171875 0.025
0 0.30703125 0.35703125 0.02734375 0.05859375
0 0.140625 0.25078125 0.0265625 0.046875
0 0.1296875 0.17109375 0.0171875 0.04140625
0 0.1921875 0.128125 0.0203125 0.03671875
0 0.25859375 0.21953125 0.02265625 0.0453125
0 0.2703125 0.2671875 0.025 0.046875
0 0.3453125 0.23515625 0.02734375 0.046875
0 0.3421875 0.165625 0.0203125 0.046875
0 0.38046875 0.2671875 0.02890625 0.0484375
0 0.3921875 0.37890625 0.0265625 0.05859375
0 0.434375 0.3015625 0.02109375 0.03984375
0 0.496875 0.37265625 0.0234375 0.06015625
0 0.5515625 0.3625 0.0234375 0.0484375
0 0.6421875 0.3625 0.0234375 0.03984375
0 0.6375 0.29140625 0.025 0.04140625
0 0.66171875 0.2453125 0.0265625 0.0515625
0 0.55390625 0.19609375 0.02109375 0.0453125
0 0.5140625 0.21640625 0.02265625 0.0484375
0 0.47890625 0.25078125 0.02265625 0.05
0 0.4421875 0.19296875 0.01875 0.04296875
0 0.2671875 0.1734375 0.0203125 0.03828125
0 0.5515625 0.8484375 0.04375 0.08671875
0 0.18125 0.934375 0.04140625 0.0734375
0 0.9296875 0.1140625 0.0203125 0.03359375
2 0.09453125 0.12734375 0.0640625 0.253125
2 0.2828125 0.12890625 0.0578125 0.228125
1 0.07734375 0.16953125 0.01484375 0.0265625
0 0.09765625 0.01484375 0.01875 0.028125
0 0.28359375 0.028125 0.01875 0.03359375
0 0.33203125 0.01328125 0.01875 0.021875
0 0.4328125 0.2265625 0.0203125 0.03515625
0 0.55 0.06328125 0.02265625 0.0453125
2 0.1890625 0.25078125 0.06484375 0.28828125
2 0.26171875 0.4234375 0.0703125 0.35859375
2 0.328125 0.11015625 0.05859375 0.21484375