2 0.4578125 0.421875 0.07734375 0.353125
2 0.29296875 0.42109375 0.0890625 0.3453125
2 0.2046875 0.55546875 0.1 0.41796875
2 0.10390625 0.40546875 0.09140625 0.371875
2 0.0734375 0.81640625 0.13359375 0.36640625
2 0.6359375 0.22890625 0.1671875 0.3015625
2 0.23046875 0.1796875 0.0640625 0.26328125
1 0.13125 0.1390625 0.0234375 0.03203125
1 0.22890625 0.22421875 0.0140625 0.0265625
1 0.09765625 0.475 0.0203125 0.028125
1 0.2046875 0.66015625 0.025 0.03828125
1 0.29453125 0.54296875 0.0265625 0.04140625
1 0.45859375 0.5265625 0.02109375 0.03515625
1 0.3578125 0.14765625 0.0140625 0.01796875
1 0.44921875 0.16953125 0.0140625 0.0265625
0 0.22421875 0.065625 0.0203125 0.03359375
0 0.2765625 0.11171875 0.0171875 0.03359375
0 0.2890625 0.2828125 0.02265625 0.046875
0 0.2 0.3796875 0.025 0.03828125
0 0.096875 0.25078125 0.0234375 0.0453125
0 0.44921875 0.2796875 0.025 0.0484375
0 0.64375 0.109375 0.01640625 0.03359375
0 0.6734375 0.1078125 0.02109375 0.03671875
0 0.8671875 0.07734375 0.01875 0.03671875
0 0.8640625 0.1796875 0.01484375 0.03359375
0 0.059375 0.6765625 0.0359375 0.0765625
2 0.35859375 0.11484375 0.04765625 0.1984375
2 0.28203125 0.2109375 0.06640625 0.24296875
2 0.45 0.121875 0.0546875 0.2203125