2 0.75703125 0.65703125 0.12734375 0.48515625
2 0.228125 0.20703125 0.075 0.296875
2 0.74296875 0.17890625 0.1359375 0.303125
0 0.7453125 0.46796875 0.0390625 0.0765625
1 0.78125 0.76328125 0.02890625 0.05703125
0 0.15078125 0.70234375 0.0421875 0.078125
0 0.21953125 0.0828125 0.0203125 0.0453125
1 0.2265625 0.253125 0.01640625 0.0234375
1 0.3328125 0.0828125 0.01484375 0.0234375
0 0.7421875 0.05703125 0.02265625 0.04296875
2 0.04609375 0.40546875 0.0890625 0.36796875
0 0.02421875 0.26796875 0.025 0.05
1 0.03515625 0.47734375 0.0203125 0.03203125
1 0.1171875 0.16015625 0.0234375 0.03359375
2 0.1765625 0.82578125 0.13515625 0.34140625
2 0.33359375 0.08203125 0.04765625 0.15859375
2 0.27890625 0.06796875 0.05390625 0.11796875
1 0.27734375 0.06640625 0.01640625 0.0265625