2 0.1390625 0.76796875 0.11484375 0.46015625
2 0.15703125 0.49609375 0.0890625 0.36484375
2 0.40390625 0.79453125 0.125 0.4
2 0.2515625 0.409375 0.09375 0.36796875
2 0.2453125 0.15078125 0.0578125 0.24296875
0 0.12734375 0.57734375 0.03359375 0.06640625
0 0.14609375 0.3421875 0.02734375 0.0484375
0 0.24921875 0.265625 0.0296875 0.0453125
0 0.2453125 0.05703125 0.02265625 0.04140625
0 0.39375 0.65078125 0.03125 0.0734375
0 0.90546875 0.04921875 0.01875 0.0453125
0 0.87734375 0.15859375 0.0171875 0.03515625
0 0.8859375 0.74296875 0.0359375 0.0796875
1 0.1234375 0.9359375 0.02890625 0.0515625
1 0.3828125 0.96953125 0.02890625 0.05
1 0.3984375 0.10390625 0.0125 0.0234375
2 0.8703125 0.83515625 0.12265625 0.275
2 0.39375 0.09140625 0.053125 0.1828125
1 0.25 0.459375 0.02109375 0.03671875
1 0.1484375 0.59140625 0.0203125 0.04296875