2 0.1015625 0.65234375 0.08515625 0.38828125
2 0.20078125 0.5546875 0.08515625 0.38828125
2 0.3015625 0.4421875 0.0734375 0.38203125
2 0.3953125 0.4015625 0.0734375 0.34296875
2 0.04609375 0.48515625 0.0703125 0.39296875
1 0.03984375 0.56484375 0.02265625 0.04140625
1 0.0953125 0.7734375 0.0265625 0.04140625
1 0.28671875 0.48984375 0.0203125 0.03203125
1 0.3796875 0.4453125 0.01875 0.03203125
0 0.084375 0.2765625 0.02109375 0.03671875
0 0.040625 0.321875 0.0296875 0.06640625
0 0.1953125 0.390625 0.0234375 0.046875
0 0.29609375 0.27890625 0.02265625 0.046875
0 0.09375 0.49140625 0.0296875 0.0515625
0 0.18671875 0.22578125 0.02265625 0.03984375
0 0.2703125 0.2078125 0.0203125 0.03828125
2 0.13359375 0.234375 0.0640625 0.2953125
0 0.3796875 0.2390625 0.01875 0.0296875
0 0.390625 0.22734375 0.02265625 0.0453125
2 0.47734375 0.228125 0.0828125 0.28828125
1 0.1328125 0.2765625 0.0203125 0.0234375
2 0.26484375 0.334375 0.05859375 0.28984375
2 0.1921875 0.353125 0.09375 0.2984375
2 0.0890625 0.39140625 0.06484375 0.2734375