1 0.25234375 0.73671875 0.025 0.0453125
0 0.27578125 0.4 0.025 0.053125
0 0.29375 0.40546875 0.02109375 0.0515625
1 0.21484375 0.3703125 0.02109375 0.03828125
0 0.23828125 0.1421875 0.0203125 0.03828125
0 0.36640625 0.24140625 0.02265625 0.046875
0 0.3578125 0.221875 0.0265625 0.0453125
1 0.0359375 0.3046875 0.0203125 0.028125
2 0.2296875 0.275 0.0828125 0.3234375
2 0.35 0.36328125 0.08984375 0.3546875
2 0.2859375 0.58515625 0.11484375 0.43984375
2 0.0515625 0.24296875 0.0875 0.33359375
0 0.0515625 0.1015625 0.025 0.03828125
0 0.053125 0.12890625 0.0265625 0.03828125
2 0.0265625 0.4796875 0.05234375 0.36015625