2 0.7375 0.6796875 0.10859375 0.4765625
2 0.2359375 0.18828125 0.0640625 0.29296875
2 0.75078125 0.20234375 0.125 0.2953125
0 0.73671875 0.490625 0.0359375 0.071875
1 0.75546875 0.7890625 0.02734375 0.053125
0 0.13046875 0.678125 0.0390625 0.0765625
0 0.234375 0.0640625 0.01875 0.04296875
1 0.2328125 0.23515625 0.01484375 0.0234375
1 0.3484375 0.0734375 0.0140625 0.021875
0 0.7578125 0.0796875 0.02109375 0.04140625
2 0.040625 0.37578125 0.08125 0.36171875
0 0.0296875 0.23515625 0.0234375 0.0484375
1 0.02890625 0.4453125 0.01875 0.03203125
1 0.12890625 0.13359375 0.02265625 0.03203125
2 0.1484375 0.8171875 0.12265625 0.36171875
2 0.3484375 0.075 0.0421875 0.15
2 0.29453125 0.05703125 0.05 0.11328125
1 0.29296875 0.053125 0.01484375 0.025