2 0.38046875 0.359375 0.0890625 0.321875
0 0.37265625 0.221875 0.0234375 0.03671875
1 0.38984375 0.42265625 0.0234375 0.03671875
2 0.56171875 0.41953125 0.1046875 0.3765625
0 0.5515625 0.259375 0.02734375 0.05
1 0.57109375 0.50390625 0.0234375 0.04140625
2 0.20703125 0.58671875 0.10859375 0.36484375
0 0.190625 0.4390625 0.02734375 0.05859375
2 0.2171875 0.825 0.14140625 0.3484375
0 0.203125 0.69140625 0.03515625 0.06484375
2 0.06328125 0.8125 0.08984375 0.375
0 0.03515625 0.6765625 0.0296875 0.09140625
0 0.55078125 0.89296875 0.05 0.096875
2 0.125 0.096875 0.05 0.1296875
1 0.12265625 0.08984375 0.0140625 0.021875
2 0.19375 0.11015625 0.0546875 0.171875
1 0.190625 0.12265625 0.01484375 0.0203125
2 0.2484375 0.121875 0.0609375 0.2046875
1 0.24921875 0.1453125 0.01484375 0.025
1 0.27890625 0.0328125 0.0125 0.0203125
1 0.35390625 0.0984375 0.0140625 0.0234375
2 0.35 0.08984375 0.05390625 0.16171875
2 0.3859375 0.05078125 0.0421875 0.09140625
1 0.3828125 0.0296875 0.0125 0.0203125
2 0.4359375 0.075 0.05234375 0.15
1 0.43828125 0.07109375 0.01484375 0.0203125
1 0.1578125 0.0375 0.0140625 0.01640625