2 0.60859375 0.48359375 0.09609375 0.396875
2 0.44765625 0.45546875 0.08359375 0.36015625
2 0.496875 0.3375 0.0859375 0.33203125
2 0.28984375 0.65 0.1078125 0.4515625
2 0.18828125 0.34765625 0.0890625 0.371875
2 0.159375 0.27578125 0.06875 0.29140625
2 0.28125 0.3765625 0.0796875 0.328125
2 0.52265625 0.08046875 0.0421875 0.13828125
2 0.45234375 0.0671875 0.0421875 0.11484375
2 0.075 0.76796875 0.12109375 0.41796875
2 0.58984375 0.2734375 0.0734375 0.328125
0 0.203125 0.75390625 0.0390625 0.06796875
0 0.4328125 0.7296875 0.0390625 0.08359375
0 0.2890625 0.45859375 0.03125 0.0515625
0 0.28671875 0.246875 0.02734375 0.0515625
0 0.1875 0.1890625 0.03515625 0.0515625
0 0.6125 0.31640625 0.02734375 0.05859375
0 0.5 0.20390625 0.02265625 0.04296875
0 0.16171875 0.15 0.01875 0.03359375
1 0.0984375 0.2046875 0.0234375 0.03984375
1 0.1546875 0.315625 0.02109375 0.03359375
1 0.1734375 0.40703125 0.02109375 0.03515625
1 0.05703125 0.9484375 0.03125 0.04296875
1 0.27734375 0.740625 0.02734375 0.03828125
1 0.44296875 0.571875 0.02265625 0.03828125
1 0.49453125 0.4359375 0.02109375 0.03515625
1 0.34609375 0.31484375 0.03125 0.03671875
1 0.60546875 0.584375 0.02265625 0.03671875
1 0.5234375 0.0671875 0.0140625 0.0203125
1 0.45078125 0.07734375 0.0125 0.0234375
1 0.321875 0.05078125 0.0140625 0.0203125
1 0.2 0.01953125 0.0140625 0.0203125
2 0.42890625 0.84140625 0.1140625 0.31640625
0 0.0078125 0.759375 0.00859375 0.071875
2 0.50703125 0.73671875 0.10390625 0.43828125
2 0.20078125 0.85078125 0.1359375 0.2765625