2 0.44921875 0.534375 0.1 0.425
2 0.6125 0.509375 0.1015625 0.41640625
2 0.4890625 0.25703125 0.0828125 0.33359375
2 0.56484375 0.2296875 0.07265625 0.3015625
2 0.628125 0.32578125 0.0703125 0.321875
2 0.1953125 0.653125 0.1078125 0.46015625
2 0.0734375 0.440625 0.0953125 0.371875
2 0.05859375 0.7859375 0.09765625 0.428125
2 0.4421875 0.1140625 0.05390625 0.228125
2 0.4171875 0.16640625 0.03515625 0.2453125
2 0.51875 0.12421875 0.06015625 0.2484375
0 0.43515625 0.0125 0.01484375 0.025
0 0.478125 0.11328125 0.02265625 0.03671875
0 0.56484375 0.10390625 0.01484375 0.03203125
0 0.55546875 0.10546875 0.0140625 0.03203125
0 0.6203125 0.18515625 0.01875 0.03359375
0 0.4359375 0.353125 0.025 0.05
0 0.6015625 0.33203125 0.025 0.05
0 0.4671875 0.08359375 0.01640625 0.025
0 0.03203125 0.60703125 0.03359375 0.053125
0 0.1828125 0.46171875 0.02734375 0.053125
0 0.3578125 0.8328125 0.04140625 0.0703125
0 0.64921875 0.93671875 0.0421875 0.08203125
1 0.0421875 0.95234375 0.0265625 0.0453125
1 0.1875 0.72734375 0.02734375 0.04296875
1 0.4390625 0.6234375 0.02734375 0.04140625
1 0.07578125 0.546875 0.0234375 0.0296875
1 0.29296875 0.38515625 0.03984375 0.0515625
1 0.6203125 0.57734375 0.02734375 0.03828125
1 0.49296875 0.3125 0.02109375 0.0265625
1 0.5671875 0.275 0.0171875 0.0265625
1 0.52578125 0.159375 0.01640625 0.025
1 0.440625 0.15390625 0.01640625 0.025
1 0.12578125 0.05703125 0.0140625 0.021875
1 0.48203125 0.01484375 0.0140625 0.025