2 0.25390625 0.78984375 0.1171875 0.4203125
0 0.2421875 0.6171875 0.0359375 0.06171875
1 0.26015625 0.98046875 0.0296875 0.03828125
0 0.0984375 0.79140625 0.0375 0.071875
0 0.159375 0.9515625 0.05 0.096875
2 0.07578125 0.5375 0.1 0.41171875
0 0.05625 0.36015625 0.02265625 0.046875
1 0.0703125 0.62734375 0.0265625 0.04296875
2 0.11015625 0.31484375 0.075 0.321875
0 0.0953125 0.178125 0.02265625 0.03828125
1 0.1078125 0.37734375 0.0203125 0.03515625
2 0.275 0.5515625 0.09765625 0.38828125
1 0.2734375 0.63984375 0.025 0.04140625
2 0.33984375 0.46328125 0.0859375 0.36171875
0 0.328125 0.31328125 0.0296875 0.053125
1 0.3390625 0.54296875 0.025 0.04140625
2 0.48515625 0.6875 0.1140625 0.46796875
1 0.49296875 0.78359375 0.02734375 0.0484375
2 0.65078125 0.6484375 0.10859375 0.4546875
0 0.63046875 0.4515625 0.02734375 0.0484375
1 0.65859375 0.73515625 0.03125 0.05
2 0.38359375 0.34765625 0.08125 0.3296875
0 0.3703125 0.203125 0.01875 0.03203125
1 0.3828125 0.40859375 0.0203125 0.03515625
2 0.2578125 0.28984375 0.06875 0.16640625
0 0.25078125 0.23046875 0.0234375 0.04296875
2 0.228125 0.27734375 0.0625 0.29140625
0 0.2203125 0.15546875 0.02109375 0.04296875
1 0.2328125 0.35 0.01875 0.03203125
2 0.2921875 0.1515625 0.0625 0.2484375
0 0.28125 0.040625 0.0203125 0.0234375
1 0.2921875 0.203125 0.01640625 0.0296875
2 0.2375 0.11171875 0.0546875 0.16328125
1 0.2390625 0.13828125 0.0125 0.025
2 0.3703125 0.140625 0.05625 0.2015625
0 0.3640625 0.05859375 0.0203125 0.03203125
2 0.40078125 0.08984375 0.04140625 0.13515625
1 0.40078125 0.11171875 0.01484375 0.0265625
1 0.04765625 0.2609375 0.02734375 0.03984375
0 0.9046875 0.08515625 0.0234375 0.04140625