2 0.45078125 0.76640625 0.1125 0.44140625
2 0.21953125 0.54921875 0.1015625 0.4265625
2 0.0953125 0.5859375 0.125 0.446875
2 0.30703125 0.3859375 0.09140625 0.35859375
2 0.1671875 0.3109375 0.0875 0.35
2 0.08125 0.1921875 0.0671875 0.3
2 0.6359375 0.190625 0.08125 0.31328125
2 0.453125 0.36640625 0.08359375 0.3546875
2 0.4984375 0.54765625 0.09609375 0.378125
2 0.39765625 0.10078125 0.05 0.2015625
2 0.50390625 0.11328125 0.13984375 0.2265625
0 0.009375 0.6578125 0.01875 0.1015625
0 0.08359375 0.41953125 0.0328125 0.06171875
0 0.1078125 0.4 0.02734375 0.05859375
0 0.2234375 0.3734375 0.0328125 0.06171875
0 0.31171875 0.2359375 0.0296875 0.05859375
0 0.45078125 0.5859375 0.0296875 0.06328125
0 0.4890625 0.3984375 0.0265625 0.06328125
0 0.50078125 0.3859375 0.02265625 0.06328125
0 0.63828125 0.0625 0.025 0.0453125
0 0.33984375 0.13046875 0.02890625 0.0515625
0 0.40078125 0.00546875 0.0140625 0.0109375
0 0.50625 0.00703125 0.0203125 0.01328125
0 0.4828125 0.06484375 0.0234375 0.0453125
0 0.1671875 0.1703125 0.025 0.0484375
0 0.084375 0.06640625 0.02109375 0.04140625
0 0.1671875 0.703125 0.03125 0.0546875
1 0.0828125 0.709375 0.02890625 0.046875
1 0.07578125 0.24765625 0.0171875 0.025
1 0.159375 0.41484375 0.0203125 0.03359375
1 0.29609375 0.459375 0.0203125 0.03359375
1 0.2171875 0.634375 0.0265625 0.03203125
1 0.43984375 0.8828125 0.03125 0.05
1 0.47890625 0.640625 0.0265625 0.04140625
1 0.44921875 0.42734375 0.0234375 0.03515625
1 0.39453125 0.14921875 0.01640625 0.0234375
1 0.6453125 0.25546875 0.01640625 0.028125
1 0.3546875 0.021875 0.0140625 0.021875
1 0.2890625 0.0828125 0.0140625 0.021875
1 0.2359375 0.00546875 0.0125 0.0109375
0 0.19453125 0.0515625 0.025 0.046875
0 0.9359375 0.10546875 0.02109375 0.03984375
0 0.89765625 0.2109375 0.02109375 0.03359375
2 0.2921875 0.08359375 0.0578125 0.16640625
2 0.478125 0.165625 0.0625 0.23671875
2 0.33046875 0.246875 0.0703125 0.275
2 0.18828125 0.140625 0.06484375 0.2234375