2 0.1859375 0.39140625 0.08984375 0.35
2 0.32734375 0.39453125 0.0796875 0.346875
2 0.5625 0.7953125 0.15625 0.409375
2 0.26328125 0.18515625 0.0546875 0.26015625
2 0.37265625 0.246875 0.0671875 0.29140625
0 0.17421875 0.253125 0.02109375 0.0484375
1 0.17734375 0.496875 0.02109375 0.03828125
0 0.31171875 0.2578125 0.0234375 0.04296875
1 0.3203125 0.47265625 0.02265625 0.03671875
1 0.2671875 0.2734375 0.01640625 0.028125
1 0.36796875 0.32734375 0.01875 0.03203125
0 0.36171875 0.121875 0.01640625 0.03515625
0 0.2578125 0.071875 0.0171875 0.0296875
0 0.57265625 0.6578125 0.0390625 0.06015625
0 0.546875 0.6375 0.04140625 0.06484375
2 0.06640625 0.13671875 0.06015625 0.21484375
2 0.16328125 0.1015625 0.04765625 0.15703125
2 0.225 0.11171875 0.0515625 0.18359375
2 0.29765625 0.0859375 0.0484375 0.14296875
2 0.35703125 0.0859375 0.06015625 0.1515625
1 0.06796875 0.171875 0.01640625 0.0265625
1 0.165625 0.11015625 0.01484375 0.0234375
1 0.228125 0.12734375 0.01640625 0.021875
1 0.2953125 0.0875 0.01484375 0.0234375
1 0.3734375 0.09765625 0.01484375 0.021875