2 0.50625 0.3125 0.06875 0.3234375
2 0.09375 0.715625 0.0921875 0.48828125
2 0.078125 0.31640625 0.07109375 0.321875
2 0.31953125 0.134375 0.04609375 0.23828125
2 0.38203125 0.26640625 0.06640625 0.2953125
0 0.31953125 0.03359375 0.01484375 0.03203125
0 0.3796875 0.13671875 0.01640625 0.028125
0 0.38984375 0.14765625 0.01875 0.03671875
0 0.4203125 0.071875 0.01640625 0.03359375
0 0.5046875 0.1921875 0.02109375 0.0484375
1 0.31484375 0.175 0.0140625 0.0265625
1 0.3859375 0.33203125 0.01875 0.0265625
1 0.50078125 0.37421875 0.01875 0.0265625
1 0.5796875 0.16171875 0.0140625 0.021875
1 0.434375 0.08046875 0.0125 0.0203125
0 0.0765625 0.1828125 0.0234375 0.05
0 0.0984375 0.5265625 0.0296875 0.05703125
0 0.1578125 0.6703125 0.0375 0.0734375
1 0.0859375 0.825 0.03125 0.053125
1 0.06484375 0.3890625 0.0203125 0.03359375
1 0.096875 0.1125 0.0140625 0.021875
0 0.2828125 0.96328125 0.0421875 0.0734375
0 0.91953125 0.14140625 0.02109375 0.0515625
1 0.00546875 0.5265625 0.0109375 0.03984375
2 0.01796875 0.4671875 0.0359375 0.33203125
2 0.5734375 0.11328125 0.05 0.18828125
2 0.490625 0.12421875 0.04609375 0.2203125
2 0.4125 0.175 0.0515625 0.2546875
2 0.2796875 0.1109375 0.0453125 0.20703125
2 0.090625 0.08828125 0.0484375 0.1734375
2 0.1640625 0.8125 0.1109375 0.36328125