2 0.62734375 0.296875 0.11015625 0.3296875
2 0.2078125 0.62109375 0.11875 0.453125
2 0.37421875 0.29296875 0.07265625 0.3234375
2 0.253125 0.45234375 0.08359375 0.3734375
2 0.05234375 0.58203125 0.0921875 0.43671875
0 0.83125 0.9421875 0.05 0.06640625
0 0.20078125 0.42734375 0.02890625 0.0484375
0 0.1859375 0.44921875 0.03125 0.05
0 0.24765625 0.3 0.0265625 0.05703125
0 0.3765625 0.15859375 0.025 0.0453125
0 0.0359375 0.39921875 0.0296875 0.05859375
0 0.6265625 0.1640625 0.0234375 0.03984375
1 0.3015625 0.0234375 0.0125 0.0203125
1 0.3765625 0.36171875 0.0171875 0.028125
1 0.66171875 0.36015625 0.01875 0.0265625
1 0.1796875 0.71640625 0.025 0.04296875
1 0.0203125 0.7125 0.0171875 0.04140625
1 0.2453125 0.5375 0.02109375 0.03828125
2 0.0890625 0.09765625 0.0625 0.1953125