2 0.43515625 0.4765625 0.07109375 0.38515625
2 0.18359375 0.67578125 0.0921875 0.475
2 0.3125 0.434375 0.0625 0.41171875
2 0.1203125 0.16953125 0.05625 0.28203125
2 0.278125 0.3109375 0.05859375 0.33828125
0 0.184375 0.49296875 0.02734375 0.06015625
0 0.3078125 0.271875 0.02109375 0.05703125
0 0.4359375 0.3265625 0.0265625 0.053125
0 0.28046875 0.178125 0.0234375 0.046875
0 0.11328125 0.0515625 0.0171875 0.03984375
1 0.1703125 0.83671875 0.025 0.05
1 0.2984375 0.5125 0.0203125 0.03359375
1 0.434375 0.5640625 0.0203125 0.028125
1 0.11328125 0.22421875 0.01484375 0.0203125
1 0.3421875 0.14609375 0.01484375 0.025
1 0.465625 0.13515625 0.0125 0.0203125
1 0.55078125 0.0953125 0.0109375 0.0203125
0 0.91640625 0.0953125 0.0171875 0.04140625
0 0.8890625 0.196875 0.01875 0.0484375
2 0.46796875 0.10546875 0.0484375 0.2109375
2 0.546875 0.0703125 0.03984375 0.13984375
2 0.33984375 0.11015625 0.0453125 0.20859375
2 0.30859375 0.0796875 0.0421875 0.159375
1 0.13828125 0.0375 0.0140625 0.021875
1 0.25625 0.01171875 0.0125 0.0203125