0 0.37578125 0.44921875 0.0328125 0.071875
2 0.384375 0.63828125 0.11875 0.46796875
1 0.39296875 0.778125 0.02890625 0.0515625
2 0.51484375 0.165625 0.08515625 0.2765625
2 0.42734375 0.146875 0.0671875 0.2546875
0 0.42109375 0.04296875 0.0203125 0.03671875
1 0.42890625 0.19296875 0.01640625 0.0265625
2 0.3921875 0.090625 0.0578125 0.1296875
1 0.3890625 0.08046875 0.01484375 0.0234375
1 0.5171875 0.2203125 0.01875 0.03203125
2 0.35546875 0.26796875 0.0875 0.31328125
0 0.35 0.14453125 0.0265625 0.05
0 0.353125 0.16484375 0.02265625 0.04140625
1 0.3609375 0.3359375 0.02109375 0.03515625
2 0.2734375 0.1640625 0.07890625 0.26328125
1 0.2703125 0.2265625 0.01875 0.028125
2 0.22265625 0.28359375 0.0796875 0.303125
0 0.2125 0.16484375 0.0265625 0.053125
1 0.22109375 0.32578125 0.02265625 0.03828125
2 0.2671875 0.478125 0.10390625 0.38359375
0 0.2609375 0.32265625 0.0296875 0.06328125
1 0.26640625 0.57890625 0.0265625 0.0484375
2 0.1703125 0.66015625 0.11640625 0.43515625
2 0.2234375 0.7921875 0.1375 0.41484375
1 0.2234375 0.94296875 0.0328125 0.0546875
0 0.20078125 0.6328125 0.04140625 0.0734375
1 0.16640625 0.725 0.03515625 0.05859375
0 0.0765625 0.94296875 0.0484375 0.09140625
0 0.01953125 0.74296875 0.03125 0.0953125
0 0.70234375 0.03046875 0.0171875 0.00703125
0 0.9078125 0.07734375 0.0234375 0.04296875