2 0.6859375 0.5046875 0.09765625 0.39296875
2 0.10703125 0.725 0.11640625 0.46328125
2 0.20859375 0.5828125 0.1 0.41484375
2 0.3390625 0.8203125 0.11875 0.359375
2 0.56875 0.78046875 0.1140625 0.43828125
2 0.46640625 0.60078125 0.1 0.41484375
2 0.746875 0.2375 0.0984375 0.30859375
2 0.296875 0.47890625 0.0953125 0.34296875
2 0.1609375 0.203125 0.06640625 0.25859375
2 0.25703125 0.19296875 0.0609375 0.275
2 0.478125 0.25703125 0.0671875 0.28359375
2 0.6546875 0.17265625 0.0875 0.2765625
2 0.04453125 0.61171875 0.08125 0.41640625
0 0.0265625 0.43984375 0.0296875 0.06171875
0 0.0921875 0.52890625 0.0375 0.06640625
0 0.1890625 0.41171875 0.03515625 0.05703125
0 0.146875 0.096875 0.0203125 0.046875
0 0.2046875 0.28828125 0.0265625 0.046875
0 0.284375 0.3328125 0.02265625 0.04140625
0 0.30625 0.2140625 0.02734375 0.03671875
0 0.321875 0.67578125 0.03515625 0.0734375
0 0.3453125 0.52421875 0.03125 0.05859375
0 0.4484375 0.4234375 0.0296875 0.0703125
0 0.55 0.60390625 0.0359375 0.071875
0 0.6703125 0.34765625 0.0328125 0.06484375
0 0.609375 0.25078125 0.02109375 0.0484375
0 0.54921875 0.34765625 0.0296875 0.06171875
0 0.3296875 0.17109375 0.02890625 0.04140625
0 0.4140625 0.24453125 0.0265625 0.05
0 0.4078125 0.1671875 0.025 0.04140625
0 0.4671875 0.13515625 0.02265625 0.03515625
0 0.525 0.07890625 0.0203125 0.028125
0 0.56484375 0.0234375 0.01484375 0.028125
0 0.6421875 0.05703125 0.0171875 0.03984375
0 0.73828125 0.11484375 0.0203125 0.0453125
0 0.503125 0.76640625 0.04375 0.0734375
0 0.2421875 0.85546875 0.0453125 0.08828125
0 0.0859375 0.36953125 0.02265625 0.04140625
1 0.03828125 0.68671875 0.025 0.046875
1 0.096875 0.82421875 0.0265625 0.04296875
1 0.2140625 0.67421875 0.025 0.046875
1 0.3046875 0.5546875 0.02265625 0.03515625
1 0.35078125 0.99375 0.0296875 0.0125
1 0.57421875 0.89609375 0.0296875 0.053125
1 0.459375 0.675 0.0265625 0.05
1 0.6984375 0.57109375 0.02109375 0.03359375
1 0.6328125 0.4671875 0.02265625 0.03828125
1 0.56875 0.58046875 0.0203125 0.03359375
1 0.48984375 0.34609375 0.01875 0.03359375
1 0.34609375 0.35234375 0.01875 0.0296875
1 0.32734375 0.41640625 0.0203125 0.03515625
1 0.2984375 0.17109375 0.0140625 0.0203125
1 0.26015625 0.2421875 0.01640625 0.0265625
0 0.24765625 0.08046875 0.01640625 0.03203125
0 0.378125 0.0453125 0.0203125 0.03203125
0 0.3578125 0.0625 0.01875 0.03359375
1 0.3875 0.175 0.01484375 0.0265625
1 0.6765625 0.2453125 0.01640625 0.0265625
1 0.775 0.290625 0.01875 0.028125
1 0.1671875 0.25859375 0.01875 0.028125
1 0.10625 0.18984375 0.0125 0.025
1 0.221875 0.2109375 0.0140625 0.025
2 0.6203125 0.4078125 0.0921875 0.36796875
2 0.4125 0.5078125 0.08515625 0.38984375
0 0.4078125 0.34453125 0.025 0.053125
2 0.57421875 0.1296875 0.07109375 0.24296875
2 0.24375 0.9046875 0.1421875 0.18984375
2 0.5578125 0.49296875 0.10234375 0.36171875
2 0.528125 0.29921875 0.07265625 0.21328125
2 0.5328125 0.178125 0.06484375 0.23671875
2 0.34296875 0.28359375 0.0640625 0.2703125
2 0.3234375 0.34453125 0.08984375 0.31171875
2 0.1015625 0.1609375 0.06484375 0.23515625
2 0.29296875 0.12109375 0.0515625 0.19140625