2 0.228125 0.3046875 0.0671875 0.34140625
2 0.1171875 0.309375 0.0828125 0.321875
2 0.2828125 0.3390625 0.0765625 0.33671875
2 0.36796875 0.3484375 0.08125 0.396875
2 0.4890625 0.3625 0.08359375 0.35859375
2 0.58984375 0.25546875 0.0734375 0.31484375
2 0.04296875 0.28671875 0.0484375 0.325
0 0.046875 0.14140625 0.0171875 0.03203125
0 0.121875 0.1734375 0.0265625 0.046875
0 0.0484375 0.1109375 0.02265625 0.03984375
0 0.2328125 0.16171875 0.0171875 0.03671875
0 0.2890625 0.190625 0.025 0.04140625
0 0.3640625 0.1890625 0.01875 0.04140625
0 0.496875 0.2046875 0.01875 0.03828125
0 0.5921875 0.13671875 0.01875 0.03828125
0 0.48515625 0.20546875 0.0140625 0.03828125
0 0.2296875 0.76796875 0.03515625 0.0765625
1 0.0390625 0.3171875 0.01640625 0.028125
1 0.1046875 0.3828125 0.0171875 0.0296875
1 0.21484375 0.3890625 0.0171875 0.0296875
1 0.2703125 0.38828125 0.0203125 0.0265625
1 0.35625 0.39609375 0.01875 0.03203125
1 0.46953125 0.459375 0.0171875 0.0296875
1 0.6 0.3078125 0.01640625 0.0234375
2 0.2234375 0.85703125 0.14609375 0.2703125