2 0.31875 0.440625 0.0890625 0.38359375
2 0.4671875 0.365625 0.0765625 0.33203125
2 0.21640625 0.3484375 0.0859375 0.36328125
2 0.040625 0.69765625 0.08125 0.4984375
2 0.39765625 0.775 0.10859375 0.4265625
2 0.646875 0.19609375 0.0734375 0.29140625
2 0.453125 0.103125 0.05625 0.20625
2 0.25546875 0.22734375 0.07109375 0.30859375
2 0.4765625 0.0578125 0.0328125 0.11484375
0 0.03046875 0.48515625 0.03125 0.06015625
0 0.22578125 0.1984375 0.02734375 0.0515625
0 0.259375 0.09296875 0.02109375 0.03359375
0 0.22890625 0.8109375 0.03984375 0.078125
0 0.40859375 0.60390625 0.0328125 0.06796875
0 0.53671875 0.72890625 0.03515625 0.08203125
0 0.4703125 0.22734375 0.0203125 0.04140625
0 0.6546875 0.0734375 0.0203125 0.03984375
0 0.93046875 0.1046875 0.02109375 0.04296875
0 0.89375 0.20546875 0.01875 0.0265625
1 0.44609375 0.15703125 0.01640625 0.0234375
1 0.4765625 0.0484375 0.0125 0.01796875
1 0.33828125 0.00234375 0.0109375 0.0046875
1 0.25703125 0.28828125 0.01640625 0.028125
1 0.20234375 0.43515625 0.0203125 0.03359375
1 0.30234375 0.5296875 0.02109375 0.03203125
1 0.6453125 0.26640625 0.0171875 0.0265625
1 0.79765625 0.24765625 0.0125 0.0203125
1 0.0234375 0.31171875 0.02734375 0.04296875
1 0.39296875 0.9265625 0.0296875 0.0484375
2 0.2328125 0.87578125 0.11875 0.21171875
2 0.5328125 0.8359375 0.1171875 0.30703125