2 0.2359375 0.63359375 0.11484375 0.46328125
2 0.175 0.42265625 0.09140625 0.36796875
2 0.05546875 0.3296875 0.09375 0.3296875
2 0.428125 0.1859375 0.07734375 0.28359375
2 0.26484375 0.16328125 0.06484375 0.2734375
2 0.1421875 0.121875 0.05859375 0.24296875
0 0.06015625 0.19296875 0.0265625 0.0453125
1 0.0421875 0.403125 0.0234375 0.03359375
1 0.1515625 0.55 0.0234375 0.03359375
1 0.2640625 0.209375 0.01640625 0.025
1 0.43046875 0.23671875 0.0171875 0.025
1 0.2140625 0.771875 0.02734375 0.0453125
0 0.12421875 0.6796875 0.04140625 0.08515625
0 0.18203125 0.2609375 0.0234375 0.03984375
0 0.153125 0.01640625 0.01875 0.0328125
0 0.17421875 0.0890625 0.0203125 0.03359375
1 0.13828125 0.16328125 0.01640625 0.025
0 0.43515625 0.07265625 0.0234375 0.046875
0 0.95078125 0.71328125 0.0375 0.0765625
0 0.2421875 0.44765625 0.02890625 0.046875
2 0.1265625 0.80234375 0.13984375 0.33984375
2 0.4921875 0.09765625 0.08984375 0.1953125
0 0.275 0.046875 0.02265625 0.03984375
0 0.17890625 0.190625 0.0296875 0.06328125
0 0.30390625 0.01328125 0.0171875 0.0265625
2 0.29765625 0.1234375 0.05234375 0.246875
1 0.5203125 0.1171875 0.0140625 0.0234375