2 0.22578125 0.74609375 0.125 0.45703125
0 0.234375 0.553125 0.0375 0.06171875
1 0.2109375 0.92109375 0.0328125 0.05
0 0.071875 0.69921875 0.0390625 0.071875
0 0.1140625 0.8734375 0.05234375 0.10859375
2 0.07734375 0.44609375 0.1078125 0.40859375
0 0.078125 0.26640625 0.0234375 0.0453125
1 0.06171875 0.5328125 0.02734375 0.04140625
2 0.1359375 0.2328125 0.0796875 0.3203125
0 0.1375 0.09453125 0.0234375 0.03671875
1 0.12734375 0.2921875 0.02109375 0.03515625
2 0.27421875 0.49453125 0.10390625 0.38515625
1 0.26328125 0.58046875 0.0265625 0.03984375
2 0.35 0.41953125 0.0921875 0.35859375
0 0.35390625 0.26953125 0.0296875 0.053125
1 0.3390625 0.49765625 0.0265625 0.03984375
2 0.46875 0.665625 0.12109375 0.46484375
1 0.465625 0.76171875 0.0296875 0.0484375
2 0.6375 0.65703125 0.11640625 0.4546875
0 0.640625 0.459375 0.0296875 0.046875
1 0.6359375 0.74296875 0.0328125 0.0484375
2 0.40546875 0.3125 0.0890625 0.328125
0 0.40859375 0.16796875 0.0203125 0.03359375
1 0.39765625 0.37265625 0.02265625 0.03671875
2 0.28671875 0.234375 0.0703125 0.16484375
0 0.2859375 0.17421875 0.025 0.04140625
2 0.2578125 0.215625 0.0671875 0.28984375
0 0.265625 0.0953125 0.02265625 0.04296875
1 0.2546875 0.2875 0.0203125 0.03203125
2 0.33671875 0.11484375 0.06640625 0.225
1 0.33125 0.15390625 0.01640625 0.0296875
2 0.28671875 0.06953125 0.05625 0.13359375
1 0.2859375 0.08203125 0.0140625 0.025
2 0.415625 0.10703125 0.06015625 0.2
0 0.41953125 0.02421875 0.02109375 0.03203125
2 0.4515625 0.065625 0.0453125 0.125
1 0.44921875 0.08359375 0.01484375 0.0265625
1 0.08125 0.16796875 0.0296875 0.03828125
0 0.95390625 0.146875 0.025 0.03984375