2 0.7046875 0.5328125 0.1015625 0.41171875
2 0.453125 0.48203125 0.0890625 0.40703125
2 0.29140625 0.34765625 0.08984375 0.38671875
2 0.11171875 0.64609375 0.0984375 0.46484375
2 0.23515625 0.50078125 0.0890625 0.36015625
2 0.66796875 0.18984375 0.14375 0.31328125
2 0.0640625 0.31171875 0.08359375 0.3046875
2 0.1390625 0.28515625 0.06640625 0.3
2 0.090625 0.18515625 0.0484375 0.246875
0 0.096875 0.44140625 0.02734375 0.0484375
0 0.0546875 0.17890625 0.0171875 0.028125
0 0.2265625 0.3546875 0.02734375 0.0546875
0 0.2796875 0.2078125 0.025 0.0515625
0 0.4390625 0.31953125 0.02734375 0.053125
0 0.70234375 0.36484375 0.03125 0.05
1 0.071875 0.40078125 0.0171875 0.0296875
1 0.13046875 0.31640625 0.0171875 0.03359375
1 0.20390625 0.11640625 0.0140625 0.021875
1 0.2984375 0.0421875 0.0125 0.01796875
1 0.2859375 0.409375 0.01875 0.03203125
1 0.23671875 0.57421875 0.02109375 0.03359375
1 0.1015625 0.72265625 0.0234375 0.03828125
1 0.45 0.5578125 0.0234375 0.03828125
1 0.45546875 0.071875 0.0125 0.021875
1 0.42265625 0.0515625 0.0125 0.021875
0 0.6609375 0.071875 0.02109375 0.03203125
1 0.71171875 0.2296875 0.0125 0.0265625
2 0.0390625 0.57578125 0.0671875 0.38828125
2 0.1328125 0.1078125 0.05390625 0.16796875
2 0.2046875 0.09453125 0.0453125 0.153125