2 0.409375 0.54453125 0.0953125 0.41796875
2 0.1953125 0.62734375 0.10859375 0.44296875
2 0.55859375 0.328125 0.08515625 0.31796875
2 0.6546875 0.37265625 0.0875 0.35
2 0.1359375 0.45234375 0.0984375 0.3984375
2 0.27734375 0.290625 0.075 0.3046875
2 0.3421875 0.12265625 0.06015625 0.23984375
2 0.1703125 0.19296875 0.06875 0.28984375
2 0.24921875 0.096875 0.0640625 0.18984375
0 0.34140625 0.01484375 0.0171875 0.025
0 0.2765625 0.16640625 0.0234375 0.0453125
0 0.1703125 0.075 0.01640625 0.03515625
0 0.134375 0.2859375 0.02734375 0.0515625
0 0.18828125 0.43671875 0.0296875 0.0546875
0 0.40546875 0.36640625 0.0265625 0.0546875
0 0.65859375 0.228125 0.02734375 0.0515625
0 0.55859375 0.19609375 0.0234375 0.0484375
0 0.92890625 0.1171875 0.0203125 0.04296875
0 0.884375 0.23671875 0.01875 0.028125
1 0.12734375 0.5609375 0.0265625 0.03984375
1 0.20390625 0.725 0.02890625 0.0453125
1 0.4078125 0.659375 0.0265625 0.03984375
1 0.27265625 0.3375 0.02109375 0.03515625
1 0.1625 0.23984375 0.0203125 0.0296875
1 0.33828125 0.1921875 0.01640625 0.0234375
1 0.25 0.12890625 0.0171875 0.0265625
1 0.55 0.38359375 0.02109375 0.03671875
1 0.65703125 0.4609375 0.0234375 0.03984375
1 0.2703125 0.08515625 0.01484375 0.025
1 0.2921875 0.06953125 0.01484375 0.0234375