2 0.46875 0.41640625 0.0984375 0.35859375
2 0.3515625 0.26640625 0.0828125 0.3265625
2 0.27421875 0.465625 0.0921875 0.36796875
2 0.4515625 0.19140625 0.07890625 0.26015625
2 0.3703125 0.13828125 0.0640625 0.2703125
2 0.27734375 0.2265625 0.0703125 0.2953125
2 0.21484375 0.29765625 0.07734375 0.3296875
2 0.2109375 0.73828125 0.10390625 0.46015625
2 0.18125 0.12109375 0.05234375 0.1984375
1 0.34765625 0.3109375 0.01640625 0.03203125
1 0.21484375 0.37734375 0.02109375 0.028125
1 0.2671875 0.51640625 0.02109375 0.03203125
1 0.4671875 0.47265625 0.02109375 0.03359375
1 0.28125 0.27890625 0.0171875 0.0265625
1 0.1984375 0.8265625 0.02734375 0.04296875
1 0.190625 0.190625 0.01640625 0.0234375
1 0.21640625 0.12265625 0.0140625 0.0234375
0 0.0875 0.7578125 0.0421875 0.08515625
0 0.1921875 0.54609375 0.0328125 0.05703125
0 0.24921875 0.69453125 0.03984375 0.075
0 0.26796875 0.30546875 0.025 0.06015625
0 0.2046875 0.1609375 0.02109375 0.0546875
0 0.34453125 0.12890625 0.02265625 0.05
0 0.27265625 0.096875 0.02265625 0.03203125
0 0.4546875 0.25390625 0.02265625 0.05
2 0.2578125 0.8234375 0.13359375 0.3453125
2 0.1046875 0.85078125 0.1296875 0.296875
0 0.92109375 0.73828125 0.04140625 0.08984375
2 0.2171875 0.1015625 0.04609375 0.16796875