2 0.2296875 0.76171875 0.1328125 0.471875
2 0.4359375 0.58984375 0.11640625 0.4203125
2 0.06328125 0.82578125 0.1265625 0.3484375
2 0.59375 0.39453125 0.0875 0.36015625
2 0.52734375 0.30390625 0.0671875 0.30703125
2 0.2796875 0.36796875 0.08359375 0.36015625
2 0.3921875 0.41796875 0.08515625 0.3734375
2 0.0875 0.40078125 0.0828125 0.35859375
2 0.1625 0.371875 0.08359375 0.35859375
2 0.22734375 0.35078125 0.0765625 0.33359375
2 0.43359375 0.3171875 0.0734375 0.31796875
1 0.08671875 0.46953125 0.02265625 0.03359375
1 0.15859375 0.43515625 0.0203125 0.03203125
1 0.225 0.40390625 0.02109375 0.0296875
1 0.26640625 0.428125 0.0203125 0.0265625
1 0.21796875 0.9015625 0.0296875 0.04296875
1 0.40625 0.6875 0.02734375 0.04140625
1 0.58125 0.5078125 0.02109375 0.03203125
1 0.4375 0.39765625 0.01875 0.028125
1 0.38984375 0.49921875 0.0171875 0.03203125
0 0.0890625 0.2453125 0.0234375 0.03828125
0 0.0984375 0.21640625 0.01875 0.03359375
0 0.15234375 0.221875 0.025 0.046875
0 0.2234375 0.20546875 0.02265625 0.03359375
0 0.2734375 0.21953125 0.025 0.05
0 0.29375 0.1828125 0.02109375 0.04140625
0 0.3890625 0.26328125 0.02890625 0.0546875
0 0.421875 0.415625 0.02890625 0.06171875
0 0.42265625 0.19453125 0.0234375 0.05
0 0.0421875 0.6953125 0.03515625 0.0734375
0 0.22734375 0.575 0.03515625 0.05859375
0 0.2078125 0.56640625 0.02265625 0.05703125
0 0.425 0.7140625 0.0390625 0.05703125
0 0.58203125 0.24140625 0.02109375 0.04296875
0 0.48359375 0.0890625 0.0203125 0.03671875
0 0.65546875 0.7015625 0.0328125 0.05703125
2 0.44296875 0.8390625 0.11875 0.31015625
2 0.659375 0.82734375 0.12734375 0.31328125