2 0.4046875 0.484375 0.09375 0.38984375
0 0.409375 0.3203125 0.03359375 0.053125
1 0.403125 0.54453125 0.02890625 0.04140625
2 0.50703125 0.396875 0.09765625 0.36328125
0 0.51328125 0.24453125 0.03359375 0.053125
1 0.50625 0.50234375 0.0265625 0.03828125
2 0.57421875 0.33359375 0.0859375 0.33359375
0 0.5796875 0.19765625 0.0296875 0.06171875
1 0.58125 0.3859375 0.0234375 0.04140625
2 0.3734375 0.3921875 0.07109375 0.3484375
0 0.3828125 0.246875 0.0328125 0.0515625
1 0.36953125 0.50546875 0.02890625 0.04296875
2 0.3265625 0.3234375 0.0875 0.3515625
0 0.3296875 0.17890625 0.03125 0.06484375
1 0.31640625 0.37265625 0.025 0.04296875
2 0.26875 0.42890625 0.07109375 0.36171875
0 0.284375 0.27890625 0.0265625 0.0546875
1 0.2625 0.50546875 0.02890625 0.04296875
2 0.2328125 0.2828125 0.075 0.36328125
0 0.24140625 0.13359375 0.0234375 0.053125
2 0.175 0.340625 0.07109375 0.346875
1 0.2234375 0.3640625 0.02265625 0.03984375
0 0.18828125 0.19765625 0.0265625 0.0515625
1 0.17421875 0.396875 0.025 0.03984375
2 0.13515625 0.42265625 0.09140625 0.38203125
0 0.1453125 0.259375 0.0296875 0.05
1 0.125 0.48203125 0.02890625 0.03984375
2 0.10546875 0.22890625 0.07890625 0.325
0 0.1140625 0.1 0.0265625 0.0484375
1 0.109375 0.278125 0.02109375 0.03828125
2 0.1828125 0.1328125 0.06640625 0.20859375
2 0.48828125 0.08984375 0.0640625 0.1796875
1 0.4890625 0.12578125 0.0171875 0.0296875
2 0.5609375 0.11171875 0.05859375 0.21640625
1 0.559375 0.13203125 0.0203125 0.0234375
2 0.52890625 0.19453125 0.06875 0.26015625
0 0.52734375 0.09453125 0.0203125 0.0484375
1 0.53046875 0.2578125 0.02109375 0.03984375
1 0.31171875 0.1203125 0.0265625 0.04296875
0 0.8484375 0.1203125 0.0171875 0.03515625
0 0.9328125 0.140625 0.02109375 0.0453125
0 0.0296875 0.06328125 0.0171875 0.04140625
1 0.021875 0.24140625 0.0171875 0.03359375
2 0.03125 0.18828125 0.04765625 0.29296875