2 0.50234375 0.684375 0.1140625 0.48828125
2 0.18984375 0.79140625 0.12265625 0.38828125
2 0.31015625 0.75 0.1046875 0.471875
2 0.1484375 0.25390625 0.0671875 0.30859375
2 0.07265625 0.159375 0.05234375 0.26796875
2 0.03046875 0.53671875 0.0578125 0.41015625
2 0.528125 0.19140625 0.05390625 0.28828125
2 0.4640625 0.2 0.0546875 0.28671875
2 0.40546875 0.259375 0.0546875 0.31328125
2 0.2109375 0.23515625 0.05625 0.3046875
2 0.0328125 0.2671875 0.0625 0.321875
2 0.759375 0.25078125 0.07265625 0.29296875
2 0.56953125 0.15078125 0.0453125 0.278125
0 0.50625 0.48671875 0.0296875 0.06328125
0 0.29765625 0.5546875 0.02890625 0.05703125
0 0.18515625 0.6296875 0.03515625 0.06484375
0 0.1484375 0.121875 0.01875 0.03984375
0 0.0734375 0.04921875 0.025 0.04296875
0 0.0296875 0.14453125 0.02265625 0.0453125
0 0.20859375 0.0296875 0.01640625 0.0265625
0 0.29921875 0.14765625 0.02265625 0.0453125
0 0.4046875 0.12421875 0.0171875 0.03671875
0 0.4640625 0.07578125 0.0234375 0.03515625
0 0.5265625 0.071875 0.02109375 0.04140625
0 0.56875 0.03515625 0.01484375 0.0296875
1 0.06953125 0.246875 0.01484375 0.0234375
1 0.14453125 0.31484375 0.01640625 0.03203125
1 0.20625 0.3203125 0.01484375 0.025
1 0.40078125 0.34296875 0.0171875 0.0296875
0 0.31875 0.27109375 0.02109375 0.046875
1 0.4625 0.25 0.01640625 0.0234375
1 0.5265625 0.27109375 0.01640625 0.025
1 0.49609375 0.190625 0.0140625 0.025
1 0.56953125 0.2015625 0.01484375 0.0234375
1 0.49765625 0.7796875 0.0234375 0.03984375
1 0.29921875 0.9265625 0.02890625 0.04296875
1 0.18046875 0.9578125 0.0296875 0.03984375
0 0.4125 0.8859375 0.0375 0.078125
0 0.32421875 0.009375 0.01484375 0.01796875
0 0.40859375 0.01484375 0.0171875 0.0296875
0 0.5125 0.01640625 0.01875 0.0328125
0 0.3765625 0.125 0.0125 0.0203125
1 0.2703125 0.1265625 0.0125 0.0203125
1 0.3078125 0.515625 0.0203125 0.021875
1 0.77890625 0.2765625 0.01875 0.025
0 0.85859375 0.0828125 0.0203125 0.04296875
1 0.01171875 0.6140625 0.01875 0.04140625
0 0.2109375 0.09765625 0.0171875 0.03828125
2 0.3171875 0.41796875 0.0921875 0.33828125
2 0.29296875 0.2796875 0.0578125 0.31015625
2 0.27265625 0.09453125 0.05 0.18828125
2 0.3765625 0.10078125 0.03984375 0.2015625
2 0.43203125 0.1109375 0.04140625 0.221875