2 0.27265625 0.475 0.09609375 0.39140625
2 0.4796875 0.36484375 0.08515625 0.34140625
2 0.05625 0.33203125 0.0796875 0.34140625
2 0.6296875 0.22109375 0.08515625 0.296875
2 0.82265625 0.83671875 0.1453125 0.3265625
2 0.32734375 0.32890625 0.0875 0.33359375
2 0.14921875 0.3125 0.08984375 0.35
2 0.2125 0.18984375 0.07109375 0.29140625
2 0.35390625 0.18515625 0.06875 0.26484375
2 0.43359375 0.24921875 0.0734375 0.30703125
2 0.5390625 0.253125 0.07265625 0.29296875
2 0.17890625 0.0953125 0.0578125 0.1796875
0 0.8359375 0.71796875 0.0328125 0.0703125
0 0.48359375 0.2234375 0.0203125 0.03828125
0 0.5453125 0.128125 0.0203125 0.03203125
0 0.6359375 0.1 0.0234375 0.04296875
0 0.53828125 0.1421875 0.01640625 0.03828125
0 0.43984375 0.1125 0.01875 0.0265625
0 0.47421875 0.05234375 0.01875 0.03671875
0 0.36171875 0.07421875 0.02109375 0.03671875
0 0.33046875 0.18671875 0.02265625 0.04140625
0 0.284375 0.30234375 0.02265625 0.03203125
0 0.209375 0.071875 0.02109375 0.03671875
0 0.15859375 0.16640625 0.0203125 0.0453125
0 0.14140625 0.1734375 0.0234375 0.0296875
0 0.0671875 0.18671875 0.0203125 0.04140625
0 0.25859375 0.01171875 0.0171875 0.00703125
0 0.878125 0.13515625 0.02109375 0.03671875
0 0.93359375 0.15078125 0.025 0.04140625
1 0.0484375 0.39453125 0.02109375 0.03359375
1 0.09453125 0.25 0.01875 0.03828125
1 0.1421875 0.38984375 0.02109375 0.03359375
1 0.20234375 0.278125 0.0203125 0.028125
1 0.18046875 0.109375 0.01640625 0.025
1 0.0953125 0.075 0.01484375 0.0234375
1 0.3484375 0.22734375 0.0171875 0.0265625
1 0.31953125 0.3875 0.0171875 0.028125
1 0.27578125 0.5578125 0.0234375 0.03828125
1 0.471875 0.41484375 0.02109375 0.0296875
1 0.4359375 0.290625 0.01875 0.028125
1 0.53671875 0.30546875 0.0171875 0.0265625
1 0.64296875 0.29453125 0.01875 0.028125
1 0.7953125 0.2921875 0.0140625 0.028125
1 0.85703125 0.9953125 0.0328125 0.009375
0 0.0125 0.81015625 0.025 0.06015625
2 0.0953125 0.06171875 0.0421875 0.11796875
2 0.1015625 0.19765625 0.0671875 0.275