2 0.16484375 0.1921875 0.0609375 0.28671875
2 0.23203125 0.12734375 0.0453125 0.25
2 0.37578125 0.16328125 0.0484375 0.2484375
2 0.33359375 0.10859375 0.04765625 0.21640625
2 0.39140625 0.07890625 0.0484375 0.1578125
2 0.3890625 0.6828125 0.10234375 0.45
2 0.515625 0.82109375 0.10234375 0.33515625
2 0.5328125 0.6375 0.10390625 0.40703125
0 0.16328125 0.06796875 0.01640625 0.0296875
0 0.371875 0.059375 0.01484375 0.03359375
0 0.39375 0.3171875 0.0203125 0.0546875
0 0.3828125 0.478125 0.02734375 0.05859375
0 0.52890625 0.4640625 0.02734375 0.046875
0 0.51484375 0.67734375 0.0296875 0.046875
1 0.38359375 0.765625 0.025 0.03828125
1 0.15859375 0.22578125 0.0140625 0.0203125
1 0.2296875 0.17265625 0.0125 0.0234375
1 0.253125 0.12421875 0.0140625 0.0234375
1 0.334375 0.15703125 0.0140625 0.021875
1 0.37421875 0.209375 0.01640625 0.021875
0 0.10546875 0.7390625 0.0390625 0.0765625
0 0.16796875 0.9609375 0.0421875 0.071875
0 0.8734375 0.075 0.01484375 0.0265625
0 0.81328125 0.0953125 0.01484375 0.0484375
2 0.40703125 0.45859375 0.0875 0.3734375
2 0.11640625 0.846875 0.11640625 0.3046875