2 0.2390625 0.77265625 0.10234375 0.43984375
0 0.234375 0.58671875 0.03359375 0.06015625
1 0.2390625 0.95703125 0.02890625 0.05
0 0.08359375 0.765625 0.03515625 0.0703125
0 0.140625 0.9296875 0.04609375 0.10703125
2 0.0703125 0.5125 0.0859375 0.40859375
0 0.05703125 0.33515625 0.02109375 0.0453125
1 0.0609375 0.60234375 0.025 0.04140625
2 0.11171875 0.2890625 0.06484375 0.31796875
0 0.1015625 0.1515625 0.02109375 0.03671875
1 0.1078125 0.35078125 0.0203125 0.03515625
2 0.26953125 0.52109375 0.08359375 0.38515625
1 0.26484375 0.60859375 0.0234375 0.03984375
2 0.3375 0.42890625 0.0734375 0.35859375
0 0.33046875 0.2796875 0.02734375 0.053125
1 0.334375 0.51015625 0.0234375 0.03984375
2 0.475 0.65 0.0984375 0.46328125
1 0.4796875 0.74609375 0.0265625 0.0484375
2 0.6421875 0.6046875 0.09375 0.4515625
0 0.62890625 0.409375 0.0265625 0.046875
1 0.646875 0.69140625 0.02890625 0.0484375
2 0.38515625 0.31171875 0.07109375 0.328125
0 0.3765625 0.16796875 0.01875 0.03203125
1 0.38203125 0.3734375 0.0203125 0.03515625
2 0.2609375 0.25859375 0.0625 0.16328125
0 0.25546875 0.19921875 0.02265625 0.04296875
2 0.23203125 0.24765625 0.05234375 0.28984375
0 0.22890625 0.12578125 0.0203125 0.04296875
1 0.23359375 0.31953125 0.01875 0.0296875
2 0.30078125 0.121875 0.05390625 0.24296875
0 0.29296875 0.01015625 0.01875 0.0203125
1 0.2984375 0.1703125 0.01484375 0.028125
2 0.24765625 0.08203125 0.0484375 0.16171875
1 0.2484375 0.1078125 0.0125 0.0234375
2 0.37890625 0.10546875 0.05 0.2
0 0.37578125 0.02421875 0.0203125 0.03203125
2 0.4109375 0.06015625 0.0375 0.1203125
1 0.4109375 0.07578125 0.01484375 0.0265625
1 0.05234375 0.23671875 0.02734375 0.03828125
0 0.91484375 0.0328125 0.02265625 0.04140625