2 0.309375 0.73984375 0.0890625 0.46640625
2 0.1203125 0.4 0.0765625 0.35703125
2 0.253125 0.5171875 0.0765625 0.3953125
2 0.184375 0.26328125 0.07265625 0.3046875
2 0.59609375 0.54921875 0.0875 0.38671875
2 0.4640625 0.42421875 0.09765625 0.36171875
2 0.3328125 0.3234375 0.07109375 0.36640625
2 0.546875 0.20234375 0.0703125 0.28984375
2 0.925 0.759375 0.13515625 0.40703125
2 0.27578125 0.12890625 0.04765625 0.2234375
2 0.32421875 0.115625 0.0515625 0.21796875
0 0.278125 0.0375 0.0171875 0.03359375
0 0.1859375 0.1359375 0.0203125 0.04140625
0 0.259375 0.18515625 0.025 0.03828125
0 0.253125 0.353125 0.03125 0.053125
0 0.33984375 0.17265625 0.01875 0.046875
0 0.3296875 0.01953125 0.01875 0.0234375
0 0.4359375 0.190625 0.01875 0.03984375
0 0.4625 0.27578125 0.02734375 0.05
0 0.54296875 0.0859375 0.02109375 0.04296875
0 0.30703125 0.5421875 0.0328125 0.06328125
0 0.1234375 0.265625 0.0203125 0.0453125
0 0.1203125 0.24765625 0.01875 0.0453125
1 0.1078125 0.478125 0.02109375 0.028125
1 0.18203125 0.3140625 0.01640625 0.0234375
1 0.23203125 0.5921875 0.02265625 0.03515625
1 0.2890625 0.82578125 0.02734375 0.03671875
1 0.4390625 0.4953125 0.01875 0.0296875
1 0.5796875 0.60859375 0.02265625 0.03203125
1 0.371875 0.32109375 0.0171875 0.028125
0 0.9515625 0.1265625 0.02109375 0.046875
0 0.9328125 0.6015625 0.03515625 0.0796875
2 0.43046875 0.31015625 0.0578125 0.28203125
2 0.3734375 0.2578125 0.05859375 0.2984375