2 0.16328125 0.81015625 0.13125 0.371875
2 0.48203125 0.0859375 0.05625 0.171875
2 0.4828125 0.79609375 0.12265625 0.3796875
2 0.3125 0.2234375 0.07265625 0.296875
0 0.47421875 0.653125 0.0296875 0.06328125
2 0.31875 0.5921875 0.1 0.428125
2 0.3890625 0.125 0.06015625 0.24296875
2 0.3375 0.065625 0.053125 0.13125
0 0.30859375 0.09453125 0.0171875 0.03515625
0 0.16015625 0.64609375 0.0328125 0.06484375
1 0.1046875 0.5234375 0.0390625 0.0484375
1 0.19140625 0.1421875 0.0234375 0.0296875
2 0.4390625 0.03203125 0.04765625 0.06328125
1 0.48046875 0.0953125 0.0140625 0.021875
1 0.1421875 0.98671875 0.03515625 0.01796875
1 0.309375 0.67265625 0.025 0.03515625
0 0.30859375 0.4015625 0.02734375 0.0453125
1 0.3859375 0.16171875 0.01484375 0.025
0 0.3890625 0.01328125 0.0203125 0.0265625
1 0.3109375 0.27109375 0.01875 0.028125
1 0.33828125 0.07109375 0.0140625 0.0234375