2 0.17109375 0.18203125 0.0640625 0.28515625
2 0.23984375 0.12265625 0.04765625 0.2453125
2 0.3828125 0.1671875 0.0515625 0.246875
2 0.34296875 0.1078125 0.0484375 0.21484375
2 0.4015625 0.08046875 0.05 0.1609375
2 0.37890625 0.68671875 0.10625 0.4484375
2 0.49921875 0.8328125 0.1046875 0.334375
2 0.5234375 0.6515625 0.1078125 0.4046875
0 0.17421875 0.0578125 0.01640625 0.0296875
0 0.3828125 0.06171875 0.01484375 0.03359375
0 0.3953125 0.321875 0.02109375 0.0546875
0 0.37890625 0.4828125 0.02890625 0.05859375
0 0.52421875 0.478125 0.02734375 0.046875
0 0.5046875 0.6890625 0.0296875 0.046875
1 0.36953125 0.7703125 0.025 0.03828125
1 0.16484375 0.2140625 0.0140625 0.0203125
1 0.23671875 0.165625 0.0125 0.0234375
1 0.2625 0.11796875 0.0140625 0.0234375
1 0.3421875 0.15703125 0.0140625 0.021875
1 0.38046875 0.2125 0.01640625 0.021875
0 0.09296875 0.7234375 0.03984375 0.075
0 0.14765625 0.953125 0.04375 0.075
0 0.8828125 0.11328125 0.01484375 0.0265625
0 0.821875 0.12890625 0.01640625 0.0484375
2 0.40390625 0.4625 0.09140625 0.371875
2 0.10078125 0.8359375 0.11875 0.31171875