2 0.5828125 0.27265625 0.09140625 0.346875
2 0.3453125 0.4484375 0.09375 0.38203125
2 0.2796875 0.35234375 0.0765625 0.33515625
2 0.2109375 0.6140625 0.1046875 0.45859375
2 0.0828125 0.77421875 0.1203125 0.4515625
2 0.0390625 0.546875 0.07109375 0.3734375
2 0.17734375 0.4375 0.10234375 0.36015625
0 0.0171875 0.3953125 0.0265625 0.05
0 0.06484375 0.58828125 0.02890625 0.046875
0 0.1734375 0.28828125 0.0234375 0.0515625
0 0.20078125 0.43046875 0.03125 0.075
0 0.26796875 0.215625 0.02265625 0.0484375
0 0.3265625 0.30703125 0.0265625 0.0484375
0 0.3375 0.28984375 0.0203125 0.05859375
0 0.5796875 0.1484375 0.02265625 0.053125
1 0.18828125 0.67421875 0.0234375 0.03671875
1 0.3328125 0.53046875 0.0203125 0.04296875
1 0.38515625 0.10078125 0.0125 0.021875
1 0.2796875 0.4296875 0.02109375 0.03515625
1 0.1671875 0.546875 0.01875 0.03515625
1 0.01875 0.63671875 0.0171875 0.03671875
2 0.3859375 0.0859375 0.05390625 0.171875