1 0.27578125 0.77265625 0.0234375 0.04296875
0 0.27421875 0.434375 0.02265625 0.0515625
0 0.29296875 0.4390625 0.0203125 0.0515625
1 0.21171875 0.41015625 0.0203125 0.03671875
0 0.2171875 0.18203125 0.01875 0.03671875
0 0.353125 0.26953125 0.02109375 0.0453125
0 0.34375 0.24921875 0.025 0.04296875
1 0.02890625 0.36015625 0.01875 0.028125
2 0.21953125 0.31484375 0.0703125 0.31640625
2 0.34609375 0.39140625 0.07734375 0.3484375
2 0.29765625 0.61796875 0.0984375 0.43203125
2 0.0390625 0.2984375 0.075 0.3265625
0 0.02890625 0.15703125 0.0234375 0.03671875
0 0.03203125 0.184375 0.025 0.03671875
2 0.0265625 0.53671875 0.0484375 0.35703125
1 0.36875 0.01328125 0.0125 0.0203125