2 0.36328125 0.5109375 0.1046875 0.39296875
0 0.3515625 0.35078125 0.0359375 0.06171875
1 0.3546875 0.5921875 0.025 0.04296875
2 0.153125 0.47421875 0.0984375 0.38203125
0 0.13828125 0.31484375 0.02734375 0.053125
1 0.14140625 0.55859375 0.0234375 0.046875
2 0.23984375 0.3375 0.08515625 0.33671875
0 0.2328125 0.1984375 0.0328125 0.0546875
1 0.23359375 0.38828125 0.0265625 0.03984375
2 0.11953125 0.23359375 0.0703125 0.25703125
0 0.11171875 0.13203125 0.025 0.04140625
0 0.1234375 0.16484375 0.02109375 0.04140625
2 0.30234375 0.3625 0.1015625 0.38515625
1 0.30390625 0.446875 0.025 0.0453125
0 0.24140625 0.11640625 0.0265625 0.046875
0 0.2796875 0.0828125 0.0203125 0.03671875
2 0.3421875 0.13828125 0.06640625 0.25859375
0 0.33828125 0.0296875 0.02265625 0.03828125
1 0.35078125 0.20078125 0.0203125 0.0296875
2 0.46875 0.19140625 0.0640625 0.2765625
0 0.46328125 0.07421875 0.02109375 0.03671875
1 0.46953125 0.240625 0.0203125 0.03515625
2 0.425 0.11328125 0.0640625 0.2265625
1 0.43515625 0.15390625 0.0171875 0.025
0 0.42265625 0.01484375 0.0203125 0.0265625
2 0.4765625 0.0609375 0.0515625 0.121875
1 0.48203125 0.06640625 0.0140625 0.021875
0 0.8171875 0.0390625 0.02265625 0.03984375
2 0.02890625 0.125 0.05390625 0.16328125
1 0.02890625 0.1671875 0.01640625 0.025
1 0.0890625 0.225 0.02265625 0.0296875
0 0.88984375 0.04453125 0.0203125 0.03671875