2 0.03125 0.5125 0.0625 0.378125
1 0.0109375 0.5734375 0.021875 0.04375
2 0.09140625 0.4375 0.08125 0.3703125
0 0.0859375 0.27578125 0.0234375 0.04296875
1 0.0890625 0.50390625 0.0265625 0.03671875
2 0.1296875 0.29609375 0.0671875 0.31328125
2 0.2359375 0.35859375 0.08515625 0.321875
2 0.23203125 0.17734375 0.05625 0.1734375
2 0.2859375 0.546875 0.10390625 0.4234375
2 0.4234375 0.5328125 0.10625 0.4
2 0.60625 0.4609375 0.09140625 0.375
2 0.50390625 0.121875 0.0578125 0.24296875
2 0.3484375 0.109375 0.0546875 0.21796875
0 0.1265625 0.16640625 0.0234375 0.0515625
1 0.128125 0.35078125 0.0203125 0.0296875
1 0.2390625 0.4421875 0.02109375 0.03671875
0 0.23671875 0.2203125 0.025 0.03828125
0 0.23125 0.11171875 0.01875 0.03515625
0 0.27578125 0.36328125 0.0234375 0.05
0 0.29140625 0.375 0.0171875 0.05859375
1 0.2890625 0.6265625 0.0265625 0.03828125
1 0.4234375 0.60703125 0.025 0.03828125
0 0.42578125 0.3609375 0.02734375 0.0484375
1 0.3515625 0.14921875 0.01484375 0.0265625
1 0.50625 0.171875 0.0140625 0.025
0 0.5046875 0.009375 0.01640625 0.01796875
1 0.61953125 0.53828125 0.0234375 0.03828125
0 0.60390625 0.29609375 0.025 0.03984375