2 0.08046875 0.76171875 0.1234375 0.4234375
0 0.0734375 0.59453125 0.0375 0.0765625
2 0.2296875 0.80390625 0.10859375 0.353125
2 0.2984375 0.721875 0.12890625 0.48828125
2 0.1359375 0.5765625 0.1046875 0.41484375
2 0.25859375 0.30859375 0.09140625 0.3265625
2 0.3609375 0.29765625 0.08984375 0.33984375
2 0.4734375 0.3125 0.075 0.31484375
2 0.571875 0.3171875 0.0875 0.3265625
2 0.13828125 0.3203125 0.0953125 0.328125
2 0.1828125 0.2859375 0.0796875 0.33671875
1 0.171875 0.34140625 0.0203125 0.03359375
1 0.05625 0.9375 0.0328125 0.0515625
1 0.35390625 0.3671875 0.02109375 0.028125
1 0.47265625 0.40234375 0.0234375 0.03515625
1 0.55703125 0.3796875 0.02265625 0.03671875
1 0.12421875 0.6390625 0.02890625 0.03984375
0 0.65234375 0.85546875 0.0453125 0.08515625
0 0.47421875 0.18046875 0.0234375 0.04140625
0 0.3578125 0.1546875 0.02109375 0.0484375
0 0.25859375 0.1703125 0.02109375 0.04296875
0 0.178125 0.14296875 0.0234375 0.0484375
0 0.1296875 0.18359375 0.02734375 0.03515625
0 0.14453125 0.17421875 0.0171875 0.028125
0 0.13203125 0.39921875 0.0328125 0.0484375
0 0.2828125 0.5140625 0.0359375 0.0453125
0 0.30078125 0.51015625 0.02890625 0.053125
0 0.2625 0.34609375 0.0296875 0.0515625