2 0.4734375 0.42265625 0.10625 0.35859375
2 0.378125 0.246875 0.08984375 0.3265625
2 0.2765625 0.4265625 0.1 0.36796875
2 0.4859375 0.196875 0.08515625 0.26015625
2 0.41015625 0.12890625 0.0703125 0.2578125
2 0.31015625 0.190625 0.0765625 0.29296875
2 0.23984375 0.24609375 0.0859375 0.3296875
2 0.1796875 0.68203125 0.1125 0.45859375
2 0.2296875 0.08046875 0.05625 0.1609375
1 0.36796875 0.28984375 0.0171875 0.03203125
1 0.2296875 0.325 0.02109375 0.028125
1 0.2640625 0.475 0.02109375 0.03203125
1 0.46484375 0.47734375 0.02265625 0.03359375
1 0.3078125 0.24453125 0.0171875 0.0265625
1 0.1578125 0.765625 0.02890625 0.04296875
1 0.2296875 0.13515625 0.0171875 0.025
1 0.26328125 0.0734375 0.0140625 0.0234375
0 0.05703125 0.67265625 0.04375 0.08359375
0 0.1859375 0.48671875 0.03515625 0.05703125
0 0.2234375 0.646875 0.04140625 0.0734375
0 0.29140625 0.26640625 0.02734375 0.06015625
0 0.24609375 0.10859375 0.02265625 0.0546875
0 0.38828125 0.11015625 0.025 0.05
0 0.32109375 0.0609375 0.0234375 0.03203125
0 0.48125 0.259375 0.025 0.05
2 0.21484375 0.78984375 0.14140625 0.3703125
2 0.0640625 0.78828125 0.128125 0.3359375
0 0.87734375 0.84609375 0.0421875 0.08828125
2 0.265625 0.06796875 0.05 0.1359375