2 0.4421875 0.5515625 0.08515625 0.4234375
2 0.60625 0.5515625 0.0859375 0.41484375
2 0.4984375 0.28359375 0.07109375 0.33203125
2 0.5765625 0.2671875 0.0625 0.3
2 0.6328125 0.37265625 0.05859375 0.3203125
2 0.18203125 0.634375 0.09140625 0.45859375
2 0.07421875 0.4046875 0.0828125 0.3703125
2 0.03984375 0.7625 0.0765625 0.45859375
2 0.4609375 0.13046875 0.04609375 0.23359375
2 0.4328125 0.1828125 0.0265625 0.24296875
2 0.53671875 0.15234375 0.0515625 0.2515625
0 0.46015625 0.03046875 0.01484375 0.0265625
0 0.496875 0.13828125 0.02109375 0.03671875
0 0.584375 0.1421875 0.01484375 0.0296875
0 0.575 0.14140625 0.0125 0.03203125
0 0.63359375 0.23046875 0.01875 0.03203125
0 0.43984375 0.3703125 0.02265625 0.05
0 0.60625 0.37421875 0.02265625 0.0484375
0 0.4890625 0.1078125 0.01484375 0.0234375
0 0.021875 0.5640625 0.03125 0.053125
0 0.18046875 0.44140625 0.025 0.0515625
0 0.3328125 0.8359375 0.0375 0.06796875
0 0.61640625 0.9703125 0.0390625 0.059375
1 0.01328125 0.90859375 0.01875 0.04296875
1 0.1703125 0.70703125 0.0265625 0.04140625
1 0.4265625 0.63984375 0.0265625 0.03984375
1 0.0703125 0.5109375 0.0234375 0.0296875
1 0.29609375 0.38046875 0.0375 0.05
1 0.61015625 0.62109375 0.0265625 0.03671875
1 0.49921875 0.3390625 0.02109375 0.025
1 0.575 0.3125 0.0171875 0.0265625
1 0.54140625 0.190625 0.01640625 0.025
1 0.45703125 0.1734375 0.01484375 0.025
1 0.14921875 0.0296875 0.0125 0.021875
1 0.50625 0.040625 0.0125 0.0234375