0 0.94140625 0.94921875 0.05625 0.08671875
0 0.22734375 0.234375 0.025 0.0515625
2 0.2265625 0.37734375 0.07890625 0.3484375
1 0.21953125 0.42578125 0.02109375 0.03515625
2 0.1421875 0.265625 0.0671875 0.3015625
1 0.13984375 0.30859375 0.0203125 0.03203125
2 0.0953125 0.1375 0.0546875 0.2546875
1 0.08984375 0.175 0.0171875 0.0265625
2 0.1484375 0.0875 0.0546875 0.175
1 0.14921875 0.1171875 0.01484375 0.0234375
2 0.18828125 0.05390625 0.0359375 0.1078125
1 0.18671875 0.03359375 0.0125 0.021875
1 0.2359375 0.12578125 0.01484375 0.0234375
2 0.23984375 0.09140625 0.0578125 0.1828125
2 0.29140625 0.053125 0.0328125 0.10625
1 0.2921875 0.0359375 0.0125 0.0234375
2 0.3328125 0.17109375 0.06875 0.28984375
0 0.33125 0.04921875 0.01640625 0.03671875
0 0.340625 0.0609375 0.00859375 0.03515625
1 0.33203125 0.225 0.0171875 0.0265625
2 0.4234375 0.1734375 0.06875 0.275
0 0.42890625 0.05859375 0.01875 0.03828125
1 0.4265625 0.21796875 0.01640625 0.025
2 0.4703125 0.09921875 0.0546875 0.1984375
1 0.4734375 0.12890625 0.01640625 0.025