2 0.2015625 0.76796875 0.1328125 0.46328125
0 0.18828125 0.57109375 0.03515625 0.053125
1 0.1953125 0.90546875 0.03359375 0.0546875
1 0.3328125 0.51953125 0.0359375 0.06015625
2 0.19375 0.3046875 0.09140625 0.3203125
1 0.1921875 0.3625 0.02265625 0.03359375
2 0.28046875 0.13828125 0.0671875 0.2234375
1 0.28125 0.17265625 0.01640625 0.0265625
0 0.27578125 0.0390625 0.01875 0.01796875
0 0.184375 0.171875 0.025 0.0484375
2 0.4078125 0.12421875 0.06640625 0.21796875
1 0.41015625 0.15390625 0.01484375 0.025
1 0.44375 0.05234375 0.0125 0.021875
2 0.590625 0.2703125 0.09140625 0.296875
0 0.58671875 0.1453125 0.02265625 0.03671875
1 0.584375 0.31953125 0.02109375 0.03515625
0 0.76640625 0.09765625 0.0203125 0.03671875
0 0.8265625 0.05390625 0.0203125 0.03203125
1 0.05234375 0.159375 0.0234375 0.03671875