2 0.3703125 0.7296875 0.1234375 0.51640625
2 0.2109375 0.5453125 0.10234375 0.41328125
2 0.4921875 0.453125 0.08515625 0.35859375
2 0.3484375 0.228125 0.075 0.30703125
2 0.18359375 0.1421875 0.0515625 0.2703125
2 0.14375 0.10703125 0.0625 0.21328125
2 0.6328125 0.18046875 0.0734375 0.28203125
0 0.059375 0.68203125 0.0328125 0.075
0 0.2265625 0.37109375 0.025 0.046875
0 0.1421875 0.00234375 0.0171875 0.0046875
0 0.1921875 0.02265625 0.0140625 0.0296875
0 0.259375 0.0015625 0.0140625 0.003125
0 0.34921875 0.0984375 0.0203125 0.0453125
0 0.37421875 0.51953125 0.0328125 0.075
0 0.496875 0.3015625 0.0234375 0.046875
0 0.63515625 0.0640625 0.01875 0.03828125
0 0.8375 0.0921875 0.0203125 0.03828125
0 0.934375 0.103125 0.0203125 0.04296875
1 0.34453125 0.2796875 0.01875 0.0296875
1 0.19765625 0.66015625 0.02265625 0.03515625
1 0.35625 0.82890625 0.0265625 0.0453125
1 0.5046875 0.5078125 0.02265625 0.03671875
1 0.13671875 0.1375 0.01484375 0.021875
1 0.1796875 0.2078125 0.01484375 0.025
1 0.2265625 0.30234375 0.0171875 0.03203125
2 0.06171875 0.8078125 0.1234375 0.33203125
2 0.50078125 0.12734375 0.06484375 0.2546875
2 0.265625 0.10546875 0.05625 0.2109375