2 0.58828125 0.54453125 0.11015625 0.4265625
2 0.12734375 0.38828125 0.07890625 0.3765625
2 0.2640625 0.3265625 0.0734375 0.36171875
2 0.39140625 0.53515625 0.08125 0.403125
2 0.49296875 0.22109375 0.0671875 0.31796875
2 0.5875 0.253125 0.0796875 0.31015625
1 0.3171875 0.16796875 0.02890625 0.03515625
1 0.253125 0.38671875 0.01875 0.03359375
1 0.38515625 0.60703125 0.02265625 0.03515625
1 0.4890625 0.28203125 0.01640625 0.0296875
1 0.4453125 0.09921875 0.0125 0.0234375
1 0.5140625 0.04296875 0.0125 0.01484375
1 0.58984375 0.3203125 0.01640625 0.025
1 0.5875 0.66015625 0.02265625 0.03828125
1 0.12421875 0.46171875 0.0203125 0.03359375
1 0.10859375 0.2703125 0.0140625 0.021875
2 0.115625 0.190625 0.0609375 0.28984375
1 0.0578125 0.09921875 0.025 0.03671875
0 0.1296875 0.228125 0.02265625 0.03671875
0 0.26640625 0.1859375 0.0203125 0.03828125
0 0.3890625 0.36171875 0.0234375 0.03828125
0 0.490625 0.09453125 0.02109375 0.03515625
0 0.59140625 0.13203125 0.02109375 0.03359375
0 0.58984375 0.37265625 0.02734375 0.06484375
0 0.58359375 0.03203125 0.01640625 0.028125