2 0.2671875 0.38671875 0.08125 0.36796875
2 0.20234375 0.21015625 0.10234375 0.33203125
2 0.40703125 0.61015625 0.1140625 0.4296875
2 0.5015625 0.3640625 0.0796875 0.34296875
2 0.37109375 0.26328125 0.07265625 0.31015625
2 0.5171875 0.2 0.12109375 0.29140625
2 0.409375 0.11796875 0.05390625 0.2234375
0 0.19921875 0.071875 0.01875 0.03671875
0 0.26875 0.23828125 0.0265625 0.053125
0 0.3796875 0.140625 0.02109375 0.0484375
0 0.43203125 0.1671875 0.0171875 0.03203125
0 0.5109375 0.2171875 0.02109375 0.0453125
0 0.4046875 0.48046875 0.03984375 0.071875
0 0.41953125 0.4359375 0.0328125 0.06640625
2 0.4265625 0.29609375 0.0640625 0.31171875
1 0.0484375 0.4015625 0.03359375 0.04296875
1 0.22734375 0.25859375 0.01484375 0.0234375
1 0.4109375 0.15390625 0.01640625 0.0265625
1 0.36640625 0.35 0.0203125 0.0296875
1 0.253125 0.44765625 0.0234375 0.03203125
1 0.3828125 0.69453125 0.02734375 0.046875
1 0.4796875 0.41015625 0.0203125 0.03203125
1 0.4078125 0.3703125 0.0203125 0.03203125
1 0.56015625 0.23515625 0.01640625 0.0265625
0 0.92421875 0.1453125 0.0234375 0.03515625
0 0.41640625 0.0171875 0.01484375 0.021875