2 0.25234375 0.42421875 0.10390625 0.328125
2 0.4546875 0.525 0.1109375 0.38203125
2 0.38125 0.340625 0.09140625 0.3515625
2 0.15859375 0.915625 0.1390625 0.16484375
0 0.14921875 0.87578125 0.04375 0.078125
2 0.2734375 0.2328125 0.07890625 0.31640625
2 0.44609375 0.24921875 0.08359375 0.3015625
2 0.1640625 0.4296875 0.08515625 0.18984375
0 0.15234375 0.3671875 0.0296875 0.06015625
0 0.23828125 0.29296875 0.025 0.0453125
2 0.546875 0.1203125 0.07109375 0.23984375
0 0.35703125 0.128125 0.02265625 0.03359375
1 0.44921875 0.31796875 0.0203125 0.025
1 0.38828125 0.42265625 0.02109375 0.03203125
1 0.25 0.490625 0.02265625 0.0296875
1 0.4734375 0.2265625 0.01640625 0.025
0 0.36875 0.05859375 0.0203125 0.03203125
0 0.88671875 0.02421875 0.02109375 0.03984375
0 0.815625 0.02890625 0.01875 0.03203125
1 0.54921875 0.1625 0.0171875 0.025
0 0.0390625 0.10546875 0.0203125 0.0296875
1 0.27578125 0.30078125 0.0203125 0.03203125
0 0.4328125 0.3484375 0.0265625 0.0546875
1 0.1734375 0.0671875 0.01875 0.028125
0 0.43203125 0.11484375 0.0234375 0.03671875
1 0.45390625 0.5921875 0.02734375 0.03515625
0 0.3703125 0.1890625 0.02265625 0.03515625
0 0.1390625 0.25234375 0.02890625 0.0453125
0 0.32890625 0.02421875 0.02265625 0.028125
0 0.2671875 0.03984375 0.01484375 0.028125
0 0.45234375 0.00703125 0.02265625 0.01328125
0 0.4515625 0.05546875 0.01875 0.03203125
2 0.0515625 0.69765625 0.0828125 0.41796875
2 0.3078125 0.06015625 0.0484375 0.1
1 0.3390625 0.1671875 0.0171875 0.025
1 0.190625 0.80078125 0.03125 0.0484375
0 0.14765625 0.2921875 0.0296875 0.0453125
1 0.040625 0.37734375 0.03359375 0.04296875
0 0.53828125 0.0234375 0.01875 0.03828125
2 0.46484375 0.1671875 0.06875 0.26796875
2 0.33359375 0.1140625 0.0609375 0.21328125
2 0.1484375 0.32265625 0.0765625 0.19140625
2 0.5140625 0.0765625 0.05 0.153125