2 0.4109375 0.3828125 0.09140625 0.346875
2 0.82421875 0.1609375 0.15 0.321875
0 0.23046875 0.80390625 0.04140625 0.08203125
0 0.20703125 0.7859375 0.0375 0.0734375
0 0.22265625 0.60390625 0.0296875 0.06015625
0 0.4 0.24296875 0.025 0.0515625
0 0.79296875 0.04140625 0.0171875 0.0484375
0 0.8109375 0.0328125 0.01484375 0.046875
1 0.4078125 0.43203125 0.0203125 0.03359375
2 0.2203125 0.87109375 0.1421875 0.2515625
2 0.23828125 0.746875 0.10625 0.3515625
2 0.25390625 0.07421875 0.04609375 0.121875
1 0.2546875 0.07109375 0.01484375 0.021875