2 0.70703125 0.5546875 0.0953125 0.40859375
2 0.4578125 0.48046875 0.0828125 0.403125
2 0.303125 0.3296875 0.08359375 0.38359375
2 0.11015625 0.61015625 0.08984375 0.46171875
2 0.2390625 0.4765625 0.08125 0.35703125
2 0.6859375 0.2109375 0.1390625 0.30703125
2 0.0765625 0.271875 0.07890625 0.3015625
2 0.153125 0.25234375 0.0609375 0.2984375
2 0.10859375 0.1484375 0.04375 0.2453125
0 0.1046875 0.4046875 0.0265625 0.0484375
0 0.0734375 0.13828125 0.01640625 0.028125
0 0.2375 0.33046875 0.0265625 0.0546875
0 0.296875 0.18984375 0.0234375 0.0515625
0 0.4515625 0.31640625 0.0265625 0.0515625
0 0.7125 0.3890625 0.0296875 0.0484375
1 0.08125 0.36171875 0.0171875 0.0296875
1 0.1421875 0.28359375 0.01875 0.03203125
1 0.225 0.09140625 0.0125 0.021875
1 0.32265625 0.02734375 0.0109375 0.01796875
1 0.29453125 0.39140625 0.0203125 0.0296875
1 0.23828125 0.55 0.02265625 0.03203125
1 0.09609375 0.684375 0.0234375 0.03828125
1 0.4515625 0.5546875 0.0234375 0.03828125
1 0.47890625 0.071875 0.0109375 0.021875
1 0.44609375 0.0484375 0.0109375 0.021875
0 0.68359375 0.0921875 0.02109375 0.03203125
1 0.72734375 0.25546875 0.0125 0.0265625
2 0.0390625 0.53203125 0.0625 0.38671875
2 0.1546875 0.07890625 0.05 0.1578125
2 0.2265625 0.07265625 0.0421875 0.1453125