2 0.384375 0.346875 0.06875 0.31640625
0 0.38515625 0.209375 0.0203125 0.03515625
1 0.390625 0.41171875 0.02109375 0.03359375
2 0.56171875 0.42421875 0.0828125 0.3703125
0 0.5625 0.2640625 0.025 0.0484375
1 0.56640625 0.51015625 0.0203125 0.03984375
2 0.19765625 0.55859375 0.0875 0.35703125
0 0.190625 0.41015625 0.0234375 0.05703125
2 0.19296875 0.81328125 0.1203125 0.371875
0 0.1875 0.6625 0.03125 0.06171875
2 0.040625 0.790625 0.06484375 0.41171875
0 0.0203125 0.63203125 0.0234375 0.08984375
0 0.52265625 0.8953125 0.04375 0.09296875
2 0.1453125 0.0625 0.04140625 0.125
1 0.14375 0.05546875 0.0125 0.0203125
2 0.2140625 0.08359375 0.0453125 0.16640625
1 0.21015625 0.09453125 0.0140625 0.0203125
2 0.2671875 0.1 0.0484375 0.2
1 0.2671875 0.12265625 0.01484375 0.0234375
1 0.303125 0.01328125 0.0109375 0.0203125
1 0.3734375 0.0859375 0.0125 0.021875
2 0.37109375 0.07734375 0.0453125 0.1546875
2 0.40859375 0.0421875 0.0359375 0.084375
1 0.40703125 0.0203125 0.0109375 0.0203125
2 0.4578125 0.071875 0.04375 0.14296875
1 0.459375 0.065625 0.0140625 0.01796875
1 0.1828125 0.00703125 0.0125 0.01328125