2 0.32421875 0.43828125 0.09140625 0.38515625
2 0.47265625 0.3625 0.07734375 0.33203125
2 0.2203125 0.346875 0.0890625 0.36484375
2 0.0484375 0.696875 0.0875 0.5
2 0.4078125 0.771875 0.1109375 0.4265625
2 0.64921875 0.190625 0.075 0.29140625
2 0.4546875 0.1015625 0.0578125 0.203125
2 0.25859375 0.225 0.07265625 0.30859375
2 0.47578125 0.0546875 0.0328125 0.109375
0 0.03671875 0.48515625 0.03125 0.06171875
0 0.228125 0.196875 0.02734375 0.053125
0 0.2609375 0.090625 0.02109375 0.03359375
0 0.2390625 0.80859375 0.04140625 0.078125
0 0.4171875 0.60078125 0.0328125 0.0703125
0 0.54609375 0.725 0.0359375 0.08359375
0 0.4734375 0.2234375 0.0203125 0.04140625
0 0.65625 0.06796875 0.0203125 0.03984375
0 0.9328125 0.09765625 0.02109375 0.04296875
0 0.896875 0.19921875 0.01875 0.0265625
1 0.4484375 0.15234375 0.01640625 0.0234375
1 0.47734375 0.04453125 0.0125 0.01796875
1 0.33828125 0.0015625 0.0109375 0.003125
1 0.2609375 0.2859375 0.01640625 0.028125
1 0.2078125 0.43359375 0.0203125 0.03359375
1 0.31015625 0.528125 0.02109375 0.03203125
1 0.64921875 0.26171875 0.0171875 0.0265625
1 0.8015625 0.240625 0.0125 0.0203125
1 0.0265625 0.31171875 0.02734375 0.0453125
1 0.40546875 0.9234375 0.0296875 0.05
2 0.24453125 0.87421875 0.11875 0.21171875
2 0.54453125 0.83203125 0.11875 0.30703125