2 0.1171875 0.8875 0.11015625 0.2203125
0 0.1109375 0.828125 0.0390625 0.0953125
2 0.20078125 0.64609375 0.08515625 0.43203125
0 0.1984375 0.46796875 0.0296875 0.071875
1 0.1953125 0.71640625 0.02890625 0.05
2 0.36953125 0.56015625 0.0875 0.43203125
0 0.36875 0.38203125 0.03125 0.075
1 0.36796875 0.653125 0.025 0.03828125
2 0.5546875 0.5828125 0.09765625 0.4296875
0 0.5515625 0.38671875 0.02265625 0.03828125
1 0.55234375 0.67890625 0.025 0.04140625
2 0.484375 0.35546875 0.07734375 0.35
0 0.4890625 0.21015625 0.02109375 0.053125
1 0.4890625 0.4234375 0.02265625 0.03515625
2 0.1953125 0.36015625 0.0859375 0.31640625
0 0.1859375 0.23046875 0.02109375 0.03984375
2 0.23046875 0.2390625 0.0578125 0.28671875
0 0.234375 0.1140625 0.0203125 0.03359375
1 0.225 0.28828125 0.0171875 0.0265625
2 0.4046875 0.2015625 0.05859375 0.2765625
0 0.4046875 0.08203125 0.0171875 0.03203125
1 0.403125 0.2390625 0.0171875 0.028125
0 0.3734375 0.409375 0.025 0.0484375
1 0.01484375 0.33515625 0.0296875 0.03984375
1 0.1203125 0.08515625 0.02265625 0.028125
1 0.34921875 0.01171875 0.0125 0.0234375
0 0.94921875 0.92265625 0.0484375 0.08203125
0 0.9328125 0.06328125 0.0203125 0.03359375
0 0.73515625 0.00703125 0.0125 0.01328125