2 0.515625 0.3390625 0.0734375 0.371875
2 0.2859375 0.2265625 0.0546875 0.2984375
2 0.4046875 0.24453125 0.0546875 0.30703125
2 0.584375 0.1671875 0.06015625 0.2796875
2 0.1859375 0.1890625 0.05 0.28828125
2 0.0484375 0.55546875 0.07109375 0.38671875
2 0.3359375 0.18359375 0.04609375 0.26484375
0 0.1859375 0.06484375 0.0171875 0.03984375
0 0.2828125 0.1046875 0.0171875 0.03671875
0 0.33515625 0.06796875 0.0171875 0.03984375
0 0.47890625 0.01640625 0.0171875 0.0328125
0 0.4875 0.065625 0.0171875 0.03671875
0 0.584375 0.04765625 0.0171875 0.03515625
0 0.40546875 0.11328125 0.02265625 0.04296875
0 0.2828125 0.771875 0.0390625 0.075
0 0.45546875 0.7265625 0.0390625 0.08984375
0 0.23828125 0.30859375 0.025 0.05703125
0 0.04140625 0.4 0.02890625 0.06640625
1 0.18671875 0.24140625 0.01484375 0.025
1 0.2859375 0.2859375 0.01640625 0.0265625
1 0.33125 0.22421875 0.01484375 0.021875
1 0.40390625 0.2875 0.0171875 0.0296875
1 0.48515625 0.2421875 0.0140625 0.021875
1 0.51015625 0.40546875 0.0171875 0.03671875
1 0.5859375 0.215625 0.01640625 0.021875
1 0.1921875 0.778125 0.0359375 0.05859375
0 0.0515625 0.87578125 0.0375 0.075
0 0.51640625 0.19140625 0.0171875 0.046875
0 0.75546875 0.08515625 0.01875 0.04140625
0 0.38984375 0.0375 0.0203125 0.03671875
0 0.27734375 0.009375 0.01484375 0.01796875
0 0.20703125 0.015625 0.0140625 0.03125
2 0.290625 0.86484375 0.1046875 0.2546875
2 0.453125 0.834375 0.10625 0.30703125
2 0.23828125 0.38359375 0.07890625 0.2046875
2 0.26171875 0.1390625 0.03984375 0.25859375
0 0.609375 0.94453125 0.03515625 0.06796875
2 0.7484375 0.203125 0.08359375 0.2765625
2 0.48125 0.17890625 0.0578125 0.275
0 0.0078125 0.6953125 0.015625 0.090625