2 0.1109375 0.3484375 0.07890625 0.33203125
2 0.17265625 0.36953125 0.07265625 0.346875
2 0.215625 0.3203125 0.0609375 0.3265625
2 0.271875 0.4078125 0.0765625 0.36640625
2 0.3359375 0.375 0.07109375 0.34296875
2 0.4046875 0.34609375 0.0734375 0.35
2 0.47109375 0.32109375 0.06484375 0.33359375
2 0.5359375 0.3421875 0.0703125 0.34296875
2 0.6046875 0.3 0.0875 0.33203125
2 0.5734375 0.784375 0.12890625 0.38984375
2 0.3359375 0.77890625 0.10859375 0.4203125
2 0.059375 0.80390625 0.11875 0.39140625
2 0.16640625 0.63359375 0.0921875 0.43515625
2 0.29296875 0.615625 0.09375 0.428125
0 0.025 0.20234375 0.0234375 0.04296875
0 0.02421875 0.16484375 0.0234375 0.03828125
0 0.09921875 0.2078125 0.025 0.03984375
0 0.16875 0.22109375 0.0265625 0.04140625
0 0.21328125 0.1828125 0.025 0.04296875
0 0.26640625 0.20859375 0.025 0.03828125
0 0.33203125 0.22421875 0.0234375 0.03671875
0 0.2640625 0.25 0.02890625 0.04140625
0 0.15859375 0.44765625 0.03125 0.05859375
0 0.2875 0.44765625 0.03125 0.05703125
0 0.3265625 0.609375 0.03125 0.06328125
0 0.0390625 0.6515625 0.0375 0.071875
0 0.4015625 0.1984375 0.0234375 0.05
0 0.34765625 0.17578125 0.0265625 0.05859375
0 0.00078125 0.20703125 0.0015625 0.053125
0 0.4765625 0.178125 0.0203125 0.04296875
0 0.46171875 0.18046875 0.01484375 0.04296875
0 0.528125 0.19921875 0.0296875 0.05
0 0.5984375 0.15859375 0.0203125 0.03515625
0 0.5640625 0.62734375 0.0359375 0.06328125
0 0.42265625 0.84296875 0.04765625 0.0796875
0 0.3953125 0.825 0.0328125 0.075
1 0.09765625 0.42265625 0.0203125 0.03671875
1 0.165625 0.728125 0.02734375 0.0453125
1 0.29765625 0.77578125 0.03125 0.0453125
1 0.31640625 0.9328125 0.03125 0.0515625
1 0.3421875 0.43359375 0.0234375 0.03671875
1 0.409375 0.41484375 0.0203125 0.03515625
1 0.46484375 0.4359375 0.02109375 0.03671875
1 0.20625 0.409375 0.02109375 0.03671875
1 0.5390625 0.43359375 0.02109375 0.03984375
1 0.6078125 0.36640625 0.02265625 0.03984375