2 0.7046875 0.19765625 0.11875 0.278125
2 0.69140625 0.56015625 0.0890625 0.396875
2 0.1578125 0.76015625 0.09765625 0.41015625
2 0.3390625 0.52109375 0.1015625 0.38984375
2 0.28984375 0.24296875 0.0625 0.30859375
2 0.10859375 0.4515625 0.0953125 0.3515625
0 0.68828125 0.37734375 0.02734375 0.04296875
0 0.3296875 0.34140625 0.02734375 0.03828125
0 0.70234375 0.0796875 0.02109375 0.03203125
0 0.14296875 0.58515625 0.0265625 0.053125
0 0.28203125 0.1140625 0.02109375 0.04140625
1 0.7 0.63359375 0.0265625 0.04140625
0 0.10859375 0.309375 0.0265625 0.05859375
1 0.2828125 0.29765625 0.02109375 0.0296875
1 0.14375 0.84765625 0.0296875 0.05
0 0.1375 0.5546875 0.02890625 0.05859375
1 0.10546875 0.534375 0.0234375 0.03359375
0 0.1515625 0.96171875 0.04609375 0.075
1 0.11484375 0.19609375 0.025 0.03515625
1 0.3359375 0.6453125 0.025 0.046875