2 0.490625 0.65703125 0.1171875 0.4734375
2 0.1375 0.6125 0.11640625 0.46484375
2 0.340625 0.53984375 0.11640625 0.41484375
2 0.28046875 0.2875 0.08125 0.31796875
2 0.3734375 0.3484375 0.08125 0.31484375
2 0.56328125 0.07734375 0.05390625 0.1546875
2 0.4234375 0.16484375 0.06640625 0.2703125
2 0.2203125 0.16640625 0.0765625 0.29140625
2 0.17265625 0.08671875 0.0578125 0.1734375
2 0.24296875 0.1171875 0.0609375 0.234375
2 0.34296875 0.134375 0.07109375 0.26796875
0 0.146875 0.4171875 0.03359375 0.0546875
0 0.35078125 0.365625 0.025 0.05
0 0.28828125 0.1546875 0.02109375 0.04296875
0 0.22265625 0.04296875 0.01875 0.03515625
0 0.35078125 0.02109375 0.0171875 0.03828125
0 0.4296875 0.05390625 0.01875 0.03828125
0 0.38046875 0.22578125 0.0265625 0.0515625
0 0.3875 0.8640625 0.04609375 0.0984375
0 0.4984375 0.46015625 0.03515625 0.06328125
1 0.11875 0.73984375 0.02890625 0.05
1 0.3265625 0.6203125 0.0265625 0.04296875
1 0.27109375 0.34296875 0.02109375 0.03671875
1 0.3359375 0.2046875 0.0171875 0.0296875
1 0.24453125 0.14921875 0.0171875 0.0265625
1 0.2171875 0.20546875 0.0171875 0.0265625
1 0.41953125 0.23828125 0.0203125 0.0265625
1 0.47421875 0.72734375 0.02890625 0.046875
1 0.56171875 0.090625 0.01640625 0.021875
1 0.46015625 0.01171875 0.0140625 0.0234375
1 0.4859375 0.01171875 0.0125 0.0234375
1 0.3671875 0.00078125 0.02109375 0.0015625
1 0.165625 0.08671875 0.01484375 0.025
2 0.50546875 0.13203125 0.0625 0.23671875