2 0.2484375 0.4375 0.1 0.3296875
2 0.45 0.54921875 0.1078125 0.38359375
2 0.378125 0.3609375 0.0890625 0.353125
2 0.15 0.91953125 0.1375 0.1609375
0 0.14140625 0.88359375 0.04375 0.078125
2 0.27109375 0.246875 0.0765625 0.31640625
2 0.44375 0.27265625 0.08125 0.3015625
2 0.1609375 0.43828125 0.08359375 0.19140625
0 0.14921875 0.375 0.0296875 0.06171875
0 0.2359375 0.30546875 0.0234375 0.0453125
2 0.54609375 0.14453125 0.0703125 0.2515625
0 0.35546875 0.14765625 0.02109375 0.03359375
1 0.446875 0.34140625 0.0203125 0.025
1 0.384375 0.44296875 0.0203125 0.03203125
1 0.2453125 0.50390625 0.02109375 0.0296875
1 0.471875 0.2515625 0.01640625 0.025
0 0.36796875 0.078125 0.01875 0.03203125
0 0.8859375 0.07265625 0.0203125 0.03984375
0 0.81484375 0.0734375 0.0171875 0.03203125
1 0.5484375 0.19140625 0.0171875 0.025
0 0.03828125 0.1078125 0.01875 0.0296875
1 0.27265625 0.315625 0.01875 0.03203125
0 0.4296875 0.371875 0.0265625 0.0546875
1 0.17265625 0.0765625 0.01875 0.028125
0 0.43125 0.13828125 0.02265625 0.03671875
1 0.4484375 0.615625 0.0265625 0.03515625
0 0.36796875 0.209375 0.02109375 0.03515625
0 0.13671875 0.26015625 0.02734375 0.046875
0 0.32890625 0.04140625 0.02265625 0.028125
0 0.2671875 0.05390625 0.01484375 0.028125
0 0.45234375 0.02734375 0.02265625 0.021875
0 0.45078125 0.08046875 0.0171875 0.03203125
2 0.04609375 0.69921875 0.07890625 0.41796875
2 0.30703125 0.0765625 0.04765625 0.1
1 0.33828125 0.18515625 0.0171875 0.025
1 0.18359375 0.81015625 0.03125 0.05
0 0.1453125 0.3 0.02890625 0.046875
1 0.0375 0.37890625 0.0328125 0.0453125
0 0.53828125 0.05234375 0.0171875 0.03828125
2 0.4640625 0.1921875 0.06640625 0.26796875
2 0.3328125 0.13203125 0.05859375 0.21328125
2 0.1453125 0.3296875 0.075 0.19140625
2 0.51328125 0.0984375 0.0484375 0.16640625