2 0.6484375 0.35078125 0.07890625 0.2984375
2 0.67890625 0.63203125 0.11015625 0.4265625
2 0.27421875 0.62578125 0.1203125 0.28203125
0 0.28125 0.5359375 0.0484375 0.0765625
2 0.384375 0.6546875 0.12734375 0.41640625
0 0.39140625 0.4828125 0.0328125 0.0546875
1 0.3671875 0.76171875 0.0296875 0.0453125
2 0.48515625 0.6640625 0.1296875 0.48515625
0 0.49609375 0.47109375 0.03984375 0.078125
2 0.54140625 0.5890625 0.11015625 0.43515625
0 0.5421875 0.40859375 0.0328125 0.06171875
2 0.6046875 0.665625 0.1203125 0.45
0 0.6109375 0.48203125 0.0359375 0.06484375
1 0.59765625 0.78046875 0.0296875 0.0484375
0 0.28515625 0.41015625 0.03515625 0.06015625
2 0.709375 0.7109375 0.12734375 0.4484375
0 0.71484375 0.5296875 0.03359375 0.06640625
1 0.684375 0.83671875 0.0296875 0.0515625
0 0.6921875 0.453125 0.03515625 0.05859375
1 0.6625 0.69140625 0.02890625 0.03984375
2 0.78125 0.66484375 0.1265625 0.44140625
0 0.78515625 0.4796875 0.0359375 0.06171875
1 0.7953125 0.78515625 0.02890625 0.046875
2 0.76015625 0.30234375 0.10234375 0.31640625
0 0.7703125 0.1765625 0.0234375 0.0484375
1 0.78515625 0.38515625 0.02109375 0.03515625
1 0.4578125 0.73515625 0.0296875 0.0484375
1 0.5296875 0.6625 0.0265625 0.04140625
1 0.63828125 0.4328125 0.02109375 0.03359375
0 0.64765625 0.2328125 0.0375 0.05703125
0 0.5703125 0.22734375 0.0328125 0.0546875
0 0.61875 0.2671875 0.02734375 0.0515625
0 0.615625 0.3203125 0.0328125 0.05859375
0 0.5953125 0.35859375 0.0375 0.06796875
0 0.50625 0.3375 0.0359375 0.05703125
0 0.50859375 0.2828125 0.02734375 0.0515625
0 0.54296875 0.2609375 0.02734375 0.0515625
0 0.4875 0.23671875 0.02890625 0.05859375
0 0.39453125 0.2 0.02734375 0.0515625
0 0.3421875 0.27890625 0.0265625 0.053125
0 0.3609375 0.27890625 0.02734375 0.06484375
0 0.2859375 0.3390625 0.02890625 0.06015625
0 0.3203125 0.2921875 0.03125 0.06796875
0 0.4265625 0.31171875 0.03984375 0.06484375
0 0.4046875 0.3609375 0.03125 0.0546875
0 0.37734375 0.41796875 0.03125 0.053125
0 0.70546875 0.2734375 0.03125 0.053125
0 0.7046875 0.3328125 0.02734375 0.046875
0 0.7078125 0.3640625 0.0265625 0.046875
2 0.97265625 0.23046875 0.0546875 0.2546875
0 0.9921875 0.128125 0.01484375 0.03359375
1 0.99375 0.28359375 0.0125 0.0234375
2 0.4734375 0.3625 0.06875 0.30859375
0 0.05546875 0.91640625 0.04140625 0.071875