2 0.09609375 0.75390625 0.1296875 0.48828125
2 0.30546875 0.47578125 0.08515625 0.3953125
2 0.16015625 0.36171875 0.0875 0.328125
2 0.22734375 0.328125 0.07890625 0.3734375
2 0.3859375 0.3484375 0.08359375 0.33515625
2 0.43359375 0.31484375 0.06640625 0.3265625
2 0.3640625 0.7765625 0.1265625 0.421875
2 0.5203125 0.28984375 0.0765625 0.3046875
2 0.59609375 0.51328125 0.0859375 0.38515625
0 0.0890625 0.5546875 0.0359375 0.06640625
0 0.353125 0.60859375 0.03359375 0.06171875
0 0.4546875 0.6765625 0.0453125 0.08671875
0 0.375 0.203125 0.0265625 0.04140625
0 0.421875 0.1828125 0.02265625 0.0515625
0 0.2234375 0.2015625 0.02265625 0.03671875
0 0.29296875 0.178125 0.02265625 0.04140625
0 0.2703125 0.20859375 0.02109375 0.04140625
0 0.0953125 0.21484375 0.0234375 0.0453125
0 0.15078125 0.22109375 0.0265625 0.0453125
0 0.06640625 0.25390625 0.02265625 0.03984375
0 0.8671875 0.325 0.02890625 0.0484375
2 0.88125 0.49921875 0.10625 0.4234375
1 0.0609375 0.92578125 0.02890625 0.053125
1 0.22265625 0.4 0.0171875 0.0296875
1 0.29921875 0.56171875 0.02734375 0.03984375
1 0.33203125 0.953125 0.02890625 0.046875
1 0.58359375 0.57109375 0.02109375 0.03515625
1 0.39296875 0.41796875 0.02734375 0.04296875
1 0.43359375 0.3859375 0.0171875 0.0296875
1 0.60078125 0.15859375 0.01875 0.05
1 0.86328125 0.56171875 0.02734375 0.0453125
0 0.5875 0.3390625 0.0296875 0.0546875
2 0.62578125 0.3421875 0.09140625 0.33984375
0 0.6140625 0.19921875 0.025 0.0484375
2 0.06953125 0.38203125 0.0734375 0.303125
2 0.4703125 0.80546875 0.14140625 0.3546875
2 0.2671875 0.3296875 0.0640625 0.28515625