2 0.2625 0.73203125 0.10234375 0.4546875
2 0.1609375 0.6171875 0.0953125 0.41484375
2 0.74296875 0.68359375 0.0984375 0.4703125
2 0.3109375 0.225 0.06640625 0.296875
2 0.225 0.315625 0.06875 0.33671875
2 0.1578125 0.17109375 0.05625 0.2765625
2 0.2671875 0.10078125 0.0421875 0.2015625
1 0.1546875 0.21015625 0.01640625 0.0234375
0 0.1578125 0.05390625 0.0171875 0.03359375
1 0.26015625 0.13203125 0.0140625 0.0265625
0 0.31328125 0.10078125 0.02109375 0.0453125
1 0.30703125 0.25390625 0.01640625 0.025
1 0.2140625 0.38359375 0.0171875 0.028125
1 0.1421875 0.7359375 0.0234375 0.03828125
1 0.24921875 0.821875 0.02734375 0.03828125
0 0.26015625 0.53671875 0.03125 0.06171875
0 0.04296875 0.81640625 0.03984375 0.06640625
0 0.16640625 0.44765625 0.02890625 0.0546875
0 0.2203125 0.17578125 0.02109375 0.04296875
1 0.7421875 0.77734375 0.0265625 0.03828125
1 0.45 0.0453125 0.0109375 0.01796875
2 0.0609375 0.8859375 0.121875 0.209375