2 0.15546875 0.80234375 0.125 0.38359375
2 0.4984375 0.096875 0.05234375 0.18515625
2 0.4734375 0.81328125 0.11640625 0.3734375
2 0.32421875 0.2234375 0.0671875 0.29296875
0 0.4703125 0.6703125 0.02890625 0.06015625
2 0.31796875 0.5921875 0.09140625 0.4234375
2 0.40390625 0.13359375 0.0578125 0.24140625
2 0.3546875 0.0671875 0.05 0.1296875
0 0.32578125 0.09453125 0.0171875 0.03515625
0 0.1578125 0.6296875 0.03125 0.06171875
1 0.1078125 0.5 0.0359375 0.046875
1 0.20625 0.12890625 0.02265625 0.028125
2 0.45703125 0.03984375 0.04609375 0.0734375
1 0.49609375 0.11328125 0.0140625 0.021875
1 0.128125 0.9765625 0.03359375 0.03203125
1 0.30546875 0.67265625 0.025 0.03515625
0 0.3140625 0.4015625 0.0265625 0.0453125
1 0.40078125 0.1703125 0.01484375 0.025
0 0.4078125 0.01953125 0.0203125 0.03203125
1 0.3203125 0.27109375 0.0171875 0.028125
1 0.35546875 0.0734375 0.0140625 0.0234375