2 0.0703125 0.3078125 0.0890625 0.346875
2 0.028125 0.1515625 0.05625 0.2234375
2 0.13359375 0.1796875 0.0765625 0.2765625
2 0.3640625 0.346875 0.08359375 0.2796875
2 0.5671875 0.2796875 0.1328125 0.34140625
1 0.06953125 0.36953125 0.01640625 0.025
1 0.01875 0.21015625 0.01484375 0.025
1 0.12578125 0.23359375 0.0171875 0.025
1 0.3703125 0.45390625 0.0203125 0.0296875
1 0.6140625 0.34296875 0.0171875 0.03359375
0 0.0609375 0.1734375 0.02109375 0.04296875
0 0.125 0.07265625 0.01640625 0.03203125
0 0.36171875 0.23515625 0.02109375 0.0453125
0 0.56015625 0.1609375 0.025 0.0484375
2 0.0265625 0.621875 0.05234375 0.453125