2 0.21328125 0.74453125 0.12265625 0.48984375
2 0.428125 0.57734375 0.10625 0.41796875
2 0.0515625 0.80078125 0.103125 0.3796875
2 0.596875 0.39453125 0.07890625 0.35703125
2 0.5359375 0.29921875 0.0609375 0.3046875
2 0.28515625 0.34296875 0.075 0.35703125
2 0.39453125 0.4015625 0.0765625 0.3703125
2 0.0921875 0.36171875 0.0765625 0.3546875
2 0.16875 0.33828125 0.07734375 0.3546875
2 0.23515625 0.32265625 0.06875 0.33203125
2 0.4421875 0.30390625 0.06640625 0.31484375
1 0.08828125 0.43046875 0.02109375 0.03359375
1 0.1609375 0.4015625 0.0203125 0.0296875
1 0.22890625 0.375 0.0203125 0.0296875
1 0.26875 0.403125 0.01875 0.0265625
1 0.19453125 0.871875 0.02890625 0.04296875
1 0.39375 0.67265625 0.0265625 0.03984375
1 0.578125 0.50546875 0.02109375 0.03203125
1 0.44140625 0.384375 0.01875 0.0265625
1 0.38828125 0.4828125 0.01640625 0.03203125
0 0.103125 0.20546875 0.02265625 0.03828125
0 0.1140625 0.178125 0.0171875 0.03359375
0 0.1671875 0.18828125 0.0234375 0.0453125
0 0.2390625 0.1765625 0.02109375 0.03359375
0 0.28828125 0.19453125 0.025 0.05
0 0.31015625 0.159375 0.0203125 0.04140625
0 0.40078125 0.246875 0.02890625 0.0546875
0 0.42421875 0.40234375 0.02890625 0.06171875
0 0.4375 0.18046875 0.0234375 0.05
0 0.03046875 0.65234375 0.03359375 0.0734375
0 0.221875 0.5453125 0.03515625 0.05859375
0 0.203125 0.53671875 0.02265625 0.05703125
0 0.41015625 0.70078125 0.0390625 0.05859375
0 0.59375 0.240625 0.0203125 0.04140625
0 0.50390625 0.0796875 0.01875 0.03515625
0 0.640625 0.70546875 0.0328125 0.05703125
2 0.42109375 0.83046875 0.1109375 0.31328125
2 0.6375 0.82890625 0.12109375 0.3046875