2 0.09140625 0.70078125 0.1296875 0.5015625
2 0.31875 0.4546875 0.08515625 0.39296875
2 0.18203125 0.31328125 0.0875 0.3265625
2 0.2515625 0.29453125 0.07890625 0.371875
2 0.40625 0.34296875 0.08359375 0.33359375
2 0.45703125 0.3203125 0.06484375 0.325
2 0.35546875 0.7734375 0.1265625 0.43203125
2 0.5453125 0.31171875 0.0765625 0.303125
2 0.60390625 0.5484375 0.0859375 0.38359375
0 0.0984375 0.4921875 0.0359375 0.06640625
0 0.35625 0.596875 0.03359375 0.06015625
0 0.4515625 0.68515625 0.04375 0.08671875
0 0.40625 0.19765625 0.025 0.04140625
0 0.4546875 0.1859375 0.02109375 0.0515625
0 0.25625 0.1671875 0.02265625 0.03671875
0 0.3265625 0.15703125 0.02109375 0.04140625
0 0.3015625 0.1828125 0.0203125 0.04140625
0 0.128125 0.1546875 0.0234375 0.04296875
0 0.1828125 0.171875 0.0265625 0.04296875
0 0.096875 0.1875 0.02265625 0.04140625
0 0.88515625 0.4140625 0.02890625 0.046875
2 0.88671875 0.58984375 0.1046875 0.421875
1 0.04453125 0.8578125 0.02734375 0.0515625
1 0.24140625 0.3640625 0.0171875 0.0296875
1 0.30703125 0.5390625 0.0265625 0.03828125
1 0.31171875 0.93671875 0.02734375 0.0453125
1 0.5875 0.6046875 0.02109375 0.03671875
1 0.40859375 0.41484375 0.0265625 0.04140625
1 0.4515625 0.390625 0.0171875 0.0296875
1 0.6328125 0.19609375 0.0171875 0.05
1 0.86484375 0.64921875 0.0265625 0.04296875
0 0.6078125 0.3734375 0.0296875 0.053125
2 0.6453125 0.384375 0.08984375 0.33828125
0 0.64375 0.2390625 0.025 0.0484375
2 0.09140625 0.31640625 0.0734375 0.3
2 0.4578125 0.81953125 0.13984375 0.35703125
2 0.2921875 0.30234375 0.0640625 0.28515625