2 0.1515625 0.36484375 0.0796875 0.3203125
2 0.31171875 0.3265625 0.07734375 0.3203125
2 0.2328125 0.503125 0.1 0.36328125
2 0.540625 0.17734375 0.0609375 0.2734375
2 0.42578125 0.3359375 0.06640625 0.3046875
0 0.49609375 0.2125 0.025 0.046875
2 0.49609375 0.3640625 0.07890625 0.34296875
1 0.5390625 0.228125 0.01875 0.0265625
1 0.2078125 0.575 0.02265625 0.03359375
0 0.2296875 0.16015625 0.02265625 0.03984375
1 0.4875 0.41796875 0.0203125 0.028125
1 0.2953125 0.375 0.02109375 0.0296875
1 0.14609375 0.434375 0.02265625 0.03203125
0 0.421875 0.19765625 0.02265625 0.03828125
0 0.21953125 0.23984375 0.025 0.04140625
1 0.4265625 0.38984375 0.0203125 0.025
0 0.49296875 0.13203125 0.0203125 0.03515625
0 0.25859375 0.20234375 0.0203125 0.03203125
0 0.5421875 0.0578125 0.0171875 0.0296875
0 0.1609375 0.16171875 0.0203125 0.03203125
0 0.30859375 0.178125 0.02265625 0.046875
0 0.2375 0.3296875 0.0234375 0.03984375
0 0.165625 0.2234375 0.02265625 0.03984375
2 0.625 0.26484375 0.0796875 0.3796875
1 0.2046875 0.48359375 0.0203125 0.03359375
2 0.21015625 0.3890625 0.06484375 0.33828125
2 0.259375 0.33515625 0.06484375 0.28671875