2 0.3484375 0.615625 0.1 0.4515625
2 0.15390625 0.46953125 0.0890625 0.38515625
2 0.271875 0.41796875 0.08984375 0.3734375
2 0.36328125 0.1140625 0.0515625 0.228125
1 0.01484375 0.4203125 0.0296875 0.0546875
1 0.13125 0.6078125 0.02265625 0.03671875
1 0.33671875 0.68984375 0.0265625 0.04140625
0 0.0609375 0.94765625 0.0453125 0.08515625
0 0.2828125 0.2671875 0.01875 0.0484375
0 0.3453125 0.41796875 0.0265625 0.05
0 0.15078125 0.30546875 0.0234375 0.0515625
1 0.23515625 0.09609375 0.0109375 0.01796875
1 0.3640625 0.146875 0.01484375 0.0234375
2 0.23359375 0.08671875 0.0421875 0.1734375