2 0.39375 0.71953125 0.0875 0.46484375
2 0.24765625 0.778125 0.09140625 0.4265625
2 0.14140625 0.6640625 0.0765625 0.425
2 0.51015625 0.59921875 0.07890625 0.4453125
2 0.6 0.5734375 0.08515625 0.425
2 0.6578125 0.46953125 0.06875 0.39140625
2 0.2109375 0.4140625 0.06484375 0.353125
2 0.06328125 0.60859375 0.0828125 0.43515625
2 0.378125 0.365625 0.06015625 0.30703125
2 0.44140625 0.35859375 0.06015625 0.325
2 0.3203125 0.475 0.06640625 0.378125
0 0.1421875 0.35390625 0.0203125 0.03515625
0 0.0578125 0.42265625 0.02890625 0.05703125
0 0.1328125 0.48359375 0.02890625 0.0484375
0 0.2421875 0.596875 0.02890625 0.053125
0 0.2078125 0.265625 0.0234375 0.05703125
0 0.2765625 0.22890625 0.02265625 0.05
0 0.31015625 0.31328125 0.025 0.0515625
0 0.37734375 0.24453125 0.0265625 0.0484375
0 0.4359375 0.2171875 0.02109375 0.03515625
0 0.5109375 0.09765625 0.02109375 0.03984375
0 0.3859375 0.52109375 0.0234375 0.0546875
0 0.5078125 0.41015625 0.0296875 0.0515625
0 0.5984375 0.3859375 0.025 0.04296875
0 0.5421875 0.22109375 0.0203125 0.04140625
0 0.51015625 0.28203125 0.02109375 0.0453125
0 0.65703125 0.3 0.02890625 0.0546875
0 0.5953125 0.1078125 0.01640625 0.04140625
0 0.559375 0.15703125 0.02109375 0.03984375
1 0.1359375 0.84453125 0.025 0.05
1 0.24296875 0.90390625 0.02734375 0.0484375
1 0.3921875 0.88515625 0.0296875 0.05703125
1 0.51875 0.67734375 0.02265625 0.03671875
1 0.61796875 0.6921875 0.02734375 0.0453125
1 0.6703125 0.54296875 0.0234375 0.0453125
1 0.44453125 0.41171875 0.02265625 0.04296875
1 0.378125 0.45703125 0.0203125 0.03984375
1 0.3140625 0.55234375 0.02265625 0.0484375
1 0.209375 0.50703125 0.02265625 0.0296875
1 0.59765625 0.30234375 0.0171875 0.0265625
1 0.7671875 0.24609375 0.01640625 0.0265625
0 0.28125 0.44921875 0.0265625 0.0703125
0 0.49375 0.04765625 0.01875 0.0296875
0 0.6265625 0.18359375 0.025 0.03984375
0 0.865625 0.0453125 0.0171875 0.03984375
1 0.0546875 0.7421875 0.0265625 0.05
2 0.2703125 0.3171875 0.05625 0.23359375
2 0.5109375 0.1703125 0.0578125 0.18984375
2 0.746875 0.2140625 0.07265625 0.29296875
1 0.0171875 0.4203125 0.03125 0.0546875
1 0.403125 0.034375 0.0125 0.0234375
1 0.2953125 0.2390625 0.025 0.03984375