2 0.3890625 0.33828125 0.0765625 0.31796875
0 0.390625 0.20078125 0.02265625 0.03515625
1 0.3953125 0.403125 0.02265625 0.03515625
2 0.56640625 0.41640625 0.09140625 0.375
0 0.5671875 0.25703125 0.0265625 0.0484375
1 0.5703125 0.50234375 0.02265625 0.03984375
2 0.2015625 0.5484375 0.0953125 0.36171875
0 0.1953125 0.4 0.025 0.05703125
2 0.1953125 0.803125 0.12890625 0.3765625
0 0.19140625 0.65234375 0.0328125 0.06171875
2 0.04609375 0.77890625 0.0671875 0.41484375
0 0.02421875 0.6203125 0.0234375 0.08984375
0 0.525 0.8875 0.04609375 0.096875
2 0.1515625 0.0578125 0.0453125 0.11484375
1 0.15 0.0453125 0.0140625 0.021875
2 0.21953125 0.078125 0.0484375 0.15625
1 0.21640625 0.084375 0.0140625 0.0203125
2 0.27265625 0.09609375 0.05234375 0.19140625
1 0.2734375 0.1125 0.01484375 0.025
1 0.309375 0.0078125 0.0109375 0.01484375
1 0.3796875 0.0765625 0.0140625 0.021875
2 0.37734375 0.0734375 0.04765625 0.146875
2 0.415625 0.03828125 0.0390625 0.0765625
1 0.4140625 0.0109375 0.0109375 0.0203125
2 0.46328125 0.06796875 0.0484375 0.1359375
1 0.465625 0.0578125 0.0140625 0.01796875
1 0.1890625 0.00078125 0.0125 0.0015625