2 0.42421875 0.3921875 0.0921875 0.3484375
2 0.85625 0.27109375 0.1515625 0.33515625
0 0.20390625 0.76328125 0.04140625 0.08203125
0 0.1828125 0.73984375 0.0375 0.0734375
0 0.21640625 0.56484375 0.0296875 0.06171875
0 0.428125 0.253125 0.025 0.053125
0 0.83671875 0.15078125 0.0171875 0.0484375
0 0.8546875 0.146875 0.01484375 0.046875
1 0.41640625 0.43984375 0.0203125 0.03359375
2 0.1859375 0.84453125 0.14375 0.28515625
2 0.2171875 0.71015625 0.1078125 0.353125
2 0.29921875 0.0609375 0.04609375 0.1
1 0.30078125 0.046875 0.01484375 0.021875