2 0.31640625 0.7265625 0.1046875 0.4703125
2 0.1328125 0.37421875 0.0890625 0.36015625
2 0.2640625 0.50078125 0.08984375 0.4
2 0.19921875 0.2421875 0.0828125 0.30859375
2 0.60703125 0.55546875 0.1 0.39140625
2 0.4765625 0.42265625 0.11015625 0.36640625
2 0.346875 0.31328125 0.08515625 0.3703125
2 0.5640625 0.2078125 0.0796875 0.2953125
2 0.928125 0.7890625 0.14375 0.41328125
2 0.29296875 0.11640625 0.05625 0.221875
2 0.3421875 0.1109375 0.05859375 0.20703125
0 0.296875 0.02265625 0.01875 0.03203125
0 0.20390625 0.115625 0.02265625 0.04296875
0 0.27578125 0.1703125 0.0265625 0.03984375
0 0.2671875 0.33671875 0.03125 0.0546875
0 0.35625 0.16171875 0.02109375 0.046875
0 0.3484375 0.01484375 0.0203125 0.01328125
0 0.45234375 0.18828125 0.0203125 0.03984375
0 0.478125 0.27421875 0.02734375 0.0515625
0 0.56171875 0.090625 0.0234375 0.0453125
0 0.3171875 0.52890625 0.03359375 0.06484375
0 0.1390625 0.23984375 0.02109375 0.046875
0 0.1359375 0.22265625 0.02109375 0.0453125
1 0.11953125 0.4515625 0.02265625 0.0296875
1 0.19609375 0.2921875 0.0171875 0.0234375
1 0.24140625 0.57421875 0.0234375 0.03671875
1 0.2953125 0.81171875 0.02890625 0.03828125
1 0.45078125 0.49140625 0.0203125 0.03203125
1 0.58828125 0.61484375 0.0234375 0.03359375
1 0.3859375 0.31171875 0.01875 0.028125
0 0.96875 0.15859375 0.0234375 0.0484375
0 0.9421875 0.6328125 0.0390625 0.08359375
2 0.4453125 0.30546875 0.0671875 0.28359375
2 0.38828125 0.24921875 0.06875 0.3