2 0.63125 0.559375 0.0921875 0.3984375
2 0.4734375 0.46640625 0.06875 0.38203125
2 0.5625 0.4125 0.0671875 0.3546875
2 0.25078125 0.3734375 0.06640625 0.33828125
2 0.1828125 0.2453125 0.05390625 0.271875
2 0.2875 0.725 0.0640625 0.478125
2 0.33515625 0.76484375 0.08515625 0.43828125
2 0.42734375 0.39140625 0.0609375 0.33671875
2 0.2703125 0.12421875 0.05859375 0.221875
2 0.53828125 0.15234375 0.0546875 0.26484375
0 0.1265625 0.2625 0.02109375 0.04140625
0 0.1171875 0.184375 0.01875 0.03359375
0 0.17890625 0.13828125 0.02109375 0.03984375
0 0.2546875 0.17734375 0.02109375 0.03984375
0 0.24921875 0.22421875 0.02265625 0.03515625
0 0.271875 0.028125 0.01484375 0.025
0 0.3203125 0.01015625 0.0171875 0.0203125
0 0.3328125 0.16015625 0.02109375 0.03984375
0 0.33125 0.2328125 0.0234375 0.03984375
0 0.2984375 0.5078125 0.0265625 0.046875
1 0.23515625 0.43671875 0.0171875 0.03359375
1 0.4234375 0.45234375 0.025 0.03515625
1 0.4703125 0.53671875 0.02109375 0.04140625
1 0.2796875 0.8078125 0.02890625 0.046875
1 0.31328125 0.93984375 0.02890625 0.0484375
1 0.63203125 0.6640625 0.0203125 0.03359375
1 0.5578125 0.471875 0.02265625 0.03984375
1 0.36796875 0.30390625 0.0171875 0.025
1 0.5359375 0.22109375 0.01484375 0.0265625
0 0.5390625 0.04453125 0.02265625 0.03984375
0 0.9203125 0.06328125 0.02109375 0.04296875
0 0.52265625 0.7796875 0.04609375 0.06796875
0 0.3890625 0.7703125 0.0375 0.08515625
0 0.33359375 0.58359375 0.0390625 0.071875
0 0.4359375 0.17578125 0.0234375 0.03671875
0 0.5015625 0.1984375 0.0234375 0.0453125
0 0.6546875 0.221875 0.0234375 0.0515625
0 0.6390625 0.39921875 0.02890625 0.06171875
2 0.3953125 0.85703125 0.12265625 0.271875
2 0.0515625 0.87265625 0.10234375 0.2546875
0 0.0328125 0.78359375 0.04609375 0.06796875
2 0.52734375 0.865625 0.11875 0.246875
2 0.3703125 0.24296875 0.05234375 0.28828125
2 0.31796875 0.09921875 0.0484375 0.1984375
1 0.1765625 0.31484375 0.0171875 0.0296875
1 0.05859375 0.6015625 0.0375 0.06171875