2 0.41875 0.15078125 0.0734375 0.26484375
2 0.38359375 0.5734375 0.12890625 0.43671875
2 0.46953125 0.071875 0.0609375 0.1296875
2 0.2390625 0.03984375 0.07109375 0.075
2 0.2296875 0.29609375 0.09765625 0.3515625
1 0.2109375 0.375 0.02109375 0.03203125
0 0.39296875 0.3984375 0.03125 0.05859375
2 0.3671875 0.0734375 0.0515625 0.13515625
2 0.040625 0.2765625 0.08125 0.371875
1 0.01875 0.3296875 0.01875 0.0296875
1 0.4109375 0.190625 0.01875 0.025
1 0.3796875 0.6703125 0.02890625 0.03828125
0 0.03984375 0.11328125 0.01875 0.0265625
0 0.2390625 0.15078125 0.0203125 0.046875
1 0.3625 0.0859375 0.0140625 0.0203125
1 0.46875 0.08984375 0.01484375 0.0203125
0 0.4234375 0.03203125 0.02265625 0.03671875
1 0.2640625 0.0078125 0.0125 0.00703125
0 0.0390625 0.14921875 0.02265625 0.04296875
0 0.39453125 0.3703125 0.03359375 0.03984375