2 0.51171875 0.353125 0.09765625 0.3703125
2 0.27265625 0.73359375 0.11875 0.49140625
2 0.065625 0.71953125 0.125 0.4484375
2 0.4921875 0.80390625 0.13125 0.39140625
2 0.3453125 0.39296875 0.08515625 0.3484375
2 0.17578125 0.5015625 0.1171875 0.3765625
2 0.0234375 0.19453125 0.04609375 0.26171875
2 0.09609375 0.2390625 0.0765625 0.2796875
2 0.2 0.25 0.07109375 0.26796875
2 0.29921875 0.30859375 0.06640625 0.3
2 0.4171875 0.175 0.07734375 0.26171875
0 0.05 0.54140625 0.0296875 0.0703125
0 0.06875 0.91953125 0.0515625 0.096875
0 0.2578125 0.528125 0.0359375 0.05859375
0 0.47734375 0.6625 0.0390625 0.08359375
0 0.4984375 0.20234375 0.02734375 0.053125
0 0.3328125 0.2453125 0.025 0.05
0 0.29765625 0.1828125 0.02109375 0.046875
0 0.19140625 0.1328125 0.02265625 0.03515625
0 0.09375 0.12578125 0.02109375 0.04296875
0 0.3546875 0.11484375 0.01640625 0.04296875
0 0.36640625 0.12421875 0.01875 0.04140625
0 0.4109375 0.0640625 0.02109375 0.03203125
1 0.25703125 0.85546875 0.02734375 0.04296875
1 0.48671875 0.97578125 0.0328125 0.0484375
1 0.50390625 0.42109375 0.02109375 0.03359375
1 0.33828125 0.45859375 0.02109375 0.03359375
1 0.3046875 0.38828125 0.0171875 0.0265625
1 0.4203125 0.2140625 0.0171875 0.0265625
1 0.3640625 0.2796875 0.01875 0.03203125
1 0.19609375 0.31796875 0.01875 0.0265625
1 0.09296875 0.2953125 0.02109375 0.0265625
1 0.0046875 0.271875 0.009375 0.025
1 0.04921875 0.80703125 0.02734375 0.03828125
1 0.1671875 0.340625 0.025 0.0484375
1 0.00703125 0.08359375 0.0140625 0.03359375
1 0.35625 0.04140625 0.0125 0.025
1 0.2890625 0.1625 0.0125 0.01796875
2 0.28828125 0.09765625 0.05625 0.153125
2 0.1765625 0.10234375 0.0484375 0.14296875
0 0.1546875 0.20859375 0.02109375 0.03828125
0 0.13984375 0.19609375 0.01875 0.03828125
2 0.14453125 0.3046875 0.07265625 0.26171875