2 0.5859375 0.27421875 0.0859375 0.3453125
2 0.34609375 0.4453125 0.0890625 0.3796875
2 0.28125 0.346875 0.07265625 0.33515625
2 0.209375 0.6078125 0.0984375 0.45703125
2 0.078125 0.76875 0.115625 0.4625
2 0.03671875 0.5359375 0.06875 0.371875
2 0.178125 0.4296875 0.09609375 0.35859375
0 0.0171875 0.384375 0.0265625 0.05
0 0.0640625 0.578125 0.02734375 0.0453125
0 0.1765625 0.28046875 0.0234375 0.0515625
0 0.2015625 0.4234375 0.0296875 0.075
0 0.271875 0.21015625 0.02109375 0.0484375
0 0.32890625 0.303125 0.0265625 0.046875
0 0.33984375 0.28671875 0.01875 0.05703125
0 0.584375 0.15 0.02265625 0.053125
1 0.1859375 0.66640625 0.0234375 0.03671875
1 0.33125 0.5265625 0.01875 0.04296875
1 0.38984375 0.0984375 0.0125 0.021875
1 0.2796875 0.42421875 0.0203125 0.03515625
1 0.1671875 0.5390625 0.01875 0.03515625
1 0.0171875 0.625 0.0171875 0.03515625
2 0.3921875 0.084375 0.0515625 0.16796875