2 0.5296875 0.33515625 0.10234375 0.3734375
2 0.2484375 0.67421875 0.125 0.4953125
2 0.05546875 0.62578125 0.1109375 0.4515625
2 0.4578125 0.78515625 0.1359375 0.403125
2 0.3609375 0.346875 0.0890625 0.35
2 0.18046875 0.42734375 0.12109375 0.3796875
2 0.05625 0.1140625 0.0703125 0.228125
2 0.134375 0.153125 0.0796875 0.28203125
2 0.234375 0.18046875 0.075 0.2703125
2 0.3265625 0.2546875 0.0703125 0.3
2 0.4578125 0.14140625 0.0796875 0.26171875
0 0.05234375 0.44765625 0.0296875 0.0734375
0 0.0265625 0.825 0.05234375 0.0984375
0 0.25859375 0.4671875 0.0359375 0.06171875
0 0.459375 0.63671875 0.03984375 0.08515625
0 0.534375 0.1828125 0.02890625 0.05703125
0 0.36640625 0.1984375 0.0265625 0.05
0 0.3390625 0.12890625 0.02265625 0.046875
0 0.23984375 0.0625 0.0234375 0.03515625
0 0.14375 0.03984375 0.02265625 0.0453125
0 0.403125 0.071875 0.01640625 0.04296875
0 0.41328125 0.0828125 0.0203125 0.04140625
0 0.4640625 0.03046875 0.02109375 0.03359375
1 0.21953125 0.79296875 0.02734375 0.0453125
1 0.43203125 0.9515625 0.03359375 0.053125
1 0.51328125 0.40078125 0.02109375 0.03359375
1 0.34609375 0.41171875 0.02109375 0.03359375
1 0.32109375 0.33515625 0.0171875 0.0265625
1 0.45546875 0.18046875 0.0171875 0.0265625
1 0.39296875 0.2375 0.0203125 0.03203125
1 0.2234375 0.24765625 0.01875 0.0265625
1 0.12421875 0.20859375 0.02109375 0.0265625
1 0.0375 0.1703125 0.01640625 0.025
1 0.0203125 0.7109375 0.02890625 0.03984375
1 0.19140625 0.26640625 0.0265625 0.0484375
1 0.4125 0.0046875 0.0125 0.009375
1 0.3328125 0.109375 0.0125 0.01796875
2 0.3390625 0.0609375 0.05625 0.121875
2 0.22734375 0.0515625 0.05 0.103125
0 0.19453125 0.1328125 0.02109375 0.03828125
0 0.1828125 0.11640625 0.01875 0.03828125
2 0.1734375 0.2265625 0.075 0.26171875