2 0.671875 0.50234375 0.0828125 0.39296875
2 0.5234375 0.77109375 0.1125 0.43671875
2 0.4390625 0.6046875 0.09765625 0.41484375
2 0.1296875 0.615625 0.0984375 0.41171875
2 0.19375 0.4 0.0734375 0.31484375
2 0.05703125 0.3515625 0.07265625 0.275
2 0.25859375 0.38671875 0.0609375 0.33203125
2 0.2796875 0.69140625 0.0796875 0.41171875
2 0.3578125 0.303125 0.06015625 0.30859375
2 0.4171875 0.32265625 0.075 0.328125
0 0.2140625 0.8953125 0.04140625 0.08203125
0 0.1109375 0.44453125 0.02890625 0.06484375
0 0.02734375 0.20390625 0.02109375 0.03671875
0 0.04765625 0.23359375 0.025 0.046875
0 0.1125 0.2375 0.01640625 0.03828125
0 0.125 0.23359375 0.01875 0.03984375
0 0.12109375 0.19609375 0.02265625 0.03515625
0 0.2 0.209375 0.02109375 0.03984375
0 0.18515625 0.26328125 0.0234375 0.04296875
0 0.2515625 0.24140625 0.02109375 0.03359375
1 0.1875 0.4859375 0.02265625 0.03671875
1 0.25546875 0.4578125 0.02109375 0.03671875
0 0.2828125 0.19609375 0.02109375 0.046875
0 0.31953125 0.28984375 0.0234375 0.0515625
0 0.35234375 0.1765625 0.02265625 0.046875
0 0.403125 0.203125 0.02265625 0.03828125
0 0.41015625 0.1921875 0.02109375 0.04296875
0 0.50546875 0.22734375 0.02890625 0.05859375
0 0.48828125 0.2890625 0.02734375 0.0546875
0 0.5453125 0.328125 0.0234375 0.0546875
0 0.54453125 0.1859375 0.0203125 0.04296875
0 0.553125 0.17734375 0.0140625 0.03984375
0 0.2765625 0.51640625 0.02890625 0.05703125
0 0.3203125 0.6328125 0.0328125 0.08359375
0 0.3359375 0.38203125 0.025 0.0546875
0 0.42890625 0.42109375 0.02734375 0.04140625
0 0.5078125 0.5984375 0.03359375 0.06796875
0 0.6609375 0.3390625 0.02734375 0.0546875
0 0.5890625 0.77265625 0.0375 0.071875
1 0.5109375 0.928125 0.03125 0.0546875
1 0.4265625 0.70859375 0.025 0.03828125
1 0.278125 0.80078125 0.02890625 0.03984375
1 0.3578125 0.36640625 0.01875 0.028125
1 0.41015625 0.40234375 0.02265625 0.03359375
2 0.5890625 0.859375 0.1109375 0.253125
2 0.49375 0.44453125 0.07734375 0.36328125
2 0.34296875 0.54453125 0.09375 0.38671875
2 0.328125 0.7921875 0.1203125 0.403125
2 0.3140625 0.41953125 0.06640625 0.31484375
2 0.1265625 0.3671875 0.0640625 0.31171875