2 0.6984375 0.17265625 0.12890625 0.28515625
2 0.69765625 0.53515625 0.10234375 0.403125
2 0.17109375 0.771875 0.1109375 0.41640625
2 0.34375 0.5203125 0.11484375 0.396875
2 0.2859375 0.24609375 0.0734375 0.31328125
2 0.11171875 0.4671875 0.10625 0.35859375
0 0.68828125 0.35234375 0.02890625 0.0453125
0 0.3296875 0.3421875 0.02890625 0.04140625
0 0.6921875 0.0546875 0.02265625 0.03203125
0 0.15078125 0.5984375 0.02734375 0.05703125
0 0.2734375 0.11796875 0.02265625 0.04296875
1 0.709375 0.60859375 0.02734375 0.0453125
0 0.10703125 0.325 0.02734375 0.06015625
1 0.2796875 0.3015625 0.02265625 0.03203125
1 0.1609375 0.86015625 0.03125 0.053125
0 0.14453125 0.56796875 0.0296875 0.06171875
1 0.11171875 0.55 0.0234375 0.03515625
0 0.1734375 0.96484375 0.0484375 0.06171875
1 0.109375 0.21171875 0.0265625 0.03515625
1 0.3453125 0.64453125 0.0265625 0.046875