2 0.4125 0.7421875 0.10234375 0.46328125
2 0.26875 0.79375 0.10625 0.4125
2 0.1578125 0.6875 0.09140625 0.425
2 0.5234375 0.62265625 0.09375 0.4453125
2 0.6125 0.596875 0.1 0.425
2 0.66640625 0.4921875 0.0828125 0.38984375
2 0.21640625 0.4375 0.07734375 0.3546875
2 0.0765625 0.63203125 0.09765625 0.43515625
2 0.3828125 0.38984375 0.0703125 0.30859375
2 0.4453125 0.38203125 0.07109375 0.325
2 0.328125 0.4984375 0.0796875 0.378125
0 0.1453125 0.37734375 0.02109375 0.03671875
0 0.0640625 0.446875 0.03125 0.05703125
0 0.14140625 0.50703125 0.03125 0.0484375
0 0.25625 0.61953125 0.03125 0.053125
0 0.20703125 0.28984375 0.0265625 0.0546875
0 0.2734375 0.253125 0.025 0.0484375
0 0.3109375 0.33671875 0.02734375 0.0515625
0 0.3765625 0.2671875 0.02890625 0.0484375
0 0.4328125 0.23984375 0.02265625 0.03515625
0 0.50234375 0.12109375 0.02265625 0.03984375
0 0.39609375 0.54453125 0.0265625 0.0546875
0 0.51328125 0.43359375 0.0328125 0.0515625
0 0.60234375 0.41015625 0.0265625 0.04296875
0 0.5390625 0.24453125 0.02109375 0.04140625
0 0.51015625 0.3046875 0.02265625 0.046875
0 0.6578125 0.3234375 0.03125 0.0546875
0 0.58828125 0.13046875 0.0171875 0.04296875
0 0.5546875 0.1796875 0.02265625 0.03984375
1 0.16015625 0.86640625 0.0265625 0.05
1 0.26953125 0.9265625 0.0296875 0.0484375
1 0.41875 0.9078125 0.0328125 0.05703125
1 0.5359375 0.70078125 0.0234375 0.03671875
1 0.6359375 0.715625 0.02890625 0.0453125
1 0.68203125 0.565625 0.025 0.04296875
1 0.45 0.4359375 0.0234375 0.04140625
1 0.3859375 0.48046875 0.02109375 0.03984375
1 0.3265625 0.57578125 0.0234375 0.046875
1 0.21953125 0.5296875 0.02265625 0.0296875
1 0.5984375 0.3265625 0.0171875 0.0265625
1 0.7671875 0.2703125 0.01640625 0.028125
0 0.2890625 0.47265625 0.0296875 0.0703125
0 0.4828125 0.07109375 0.0203125 0.0296875
0 0.621875 0.2078125 0.0265625 0.03984375
0 0.85546875 0.06796875 0.01875 0.03984375
1 0.07421875 0.76640625 0.02890625 0.05
2 0.271875 0.340625 0.0640625 0.23359375
2 0.5046875 0.19296875 0.0640625 0.18984375
2 0.74453125 0.2375 0.0828125 0.29296875
1 0.02265625 0.44296875 0.03359375 0.0546875
1 0.3921875 0.0578125 0.0140625 0.0234375
1 0.2921875 0.2625 0.0265625 0.03984375