2 0.11171875 0.3328125 0.07265625 0.328125
2 0.1734375 0.35859375 0.0671875 0.34140625
2 0.2171875 0.31171875 0.05625 0.3234375
2 0.2703125 0.403125 0.0703125 0.36171875
2 0.3359375 0.37578125 0.06640625 0.33828125
2 0.40625 0.35078125 0.0671875 0.3453125
2 0.47265625 0.33046875 0.05859375 0.33203125
2 0.53671875 0.35703125 0.06484375 0.33828125
2 0.60625 0.31953125 0.08125 0.3265625
2 0.55859375 0.80078125 0.12265625 0.38203125
2 0.32265625 0.784375 0.1015625 0.421875
2 0.05078125 0.79609375 0.1015625 0.4078125
2 0.15703125 0.621875 0.08359375 0.4296875
2 0.284375 0.61328125 0.0859375 0.421875
0 0.03125 0.18046875 0.02265625 0.03984375
0 0.03203125 0.14296875 0.02265625 0.03515625
0 0.1046875 0.19140625 0.0234375 0.03671875
0 0.175 0.21015625 0.025 0.03984375
0 0.21953125 0.17421875 0.025 0.03984375
0 0.27265625 0.203125 0.025 0.03515625
0 0.33671875 0.225 0.02265625 0.03359375
0 0.26875 0.2453125 0.02734375 0.03984375
0 0.15625 0.43515625 0.03125 0.0546875
0 0.28515625 0.44453125 0.03125 0.053125
0 0.31796875 0.60859375 0.03125 0.06015625
0 0.03046875 0.63046875 0.0359375 0.0703125
0 0.4078125 0.203125 0.02265625 0.046875
0 0.35390625 0.1765625 0.0265625 0.05703125
0 0.00390625 0.184375 0.0078125 0.053125
0 0.4828125 0.18828125 0.01875 0.04140625
0 0.46796875 0.18984375 0.0140625 0.04296875
0 0.53359375 0.21328125 0.0296875 0.046875
0 0.6046875 0.17734375 0.0203125 0.03359375
0 0.5546875 0.64453125 0.0359375 0.06015625
0 0.40546875 0.85 0.04609375 0.0765625
0 0.37890625 0.8296875 0.03125 0.0734375
1 0.0953125 0.40703125 0.0203125 0.03515625
1 0.153125 0.71640625 0.02734375 0.04140625
1 0.2828125 0.77421875 0.0296875 0.04140625
1 0.296875 0.93203125 0.03125 0.05
1 0.33984375 0.434375 0.02265625 0.03359375
1 0.4078125 0.4203125 0.01875 0.03359375
1 0.4625 0.4453125 0.0203125 0.03671875
1 0.20546875 0.40078125 0.0203125 0.03515625
1 0.5359375 0.44765625 0.0203125 0.03828125
1 0.6078125 0.3859375 0.02109375 0.03671875