2 0.44140625 0.478125 0.07109375 0.38359375
2 0.1953125 0.68359375 0.09375 0.4734375
2 0.3171875 0.43828125 0.0625 0.41015625
2 0.11796875 0.178125 0.05625 0.2796875
2 0.2796875 0.315625 0.05859375 0.33671875
0 0.19140625 0.50078125 0.02734375 0.06015625
0 0.3078125 0.27578125 0.02109375 0.05703125
0 0.4375 0.328125 0.0265625 0.053125
0 0.27890625 0.18359375 0.0234375 0.046875
0 0.1078125 0.0609375 0.0171875 0.03984375
1 0.1859375 0.84453125 0.025 0.05
1 0.30546875 0.5171875 0.0203125 0.03359375
1 0.4421875 0.565625 0.0203125 0.028125
1 0.1125 0.23359375 0.01484375 0.0203125
1 0.3390625 0.14921875 0.01484375 0.0234375
1 0.4625 0.1359375 0.0125 0.0203125
1 0.546875 0.09453125 0.01015625 0.0203125
0 0.9125 0.0859375 0.0171875 0.03984375
0 0.88828125 0.1875 0.0171875 0.046875
2 0.46328125 0.10546875 0.0484375 0.2109375
2 0.5421875 0.06953125 0.0390625 0.13828125
2 0.3359375 0.1140625 0.0453125 0.20703125
2 0.30546875 0.08203125 0.0421875 0.16328125
1 0.1328125 0.04609375 0.0125 0.0203125
1 0.25 0.0171875 0.0125 0.0203125