2 0.6375 0.5078125 0.07265625 0.3953125
2 0.38125 0.5296875 0.0796875 0.38984375
2 0.29921875 0.528125 0.08359375 0.41796875
2 0.4890625 0.534375 0.0875 0.4203125
2 0.55234375 0.50546875 0.06875 0.38984375
2 0.42890625 0.453125 0.07109375 0.375
1 0.309375 0.6015625 0.02265625 0.03203125
1 0.3875 0.63671875 0.02109375 0.03828125
1 0.490625 0.64609375 0.02109375 0.03671875
1 0.4296875 0.51953125 0.02109375 0.03203125
1 0.5359375 0.57265625 0.02109375 0.03359375
1 0.6359375 0.575 0.02109375 0.03203125
1 0.1828125 0.3078125 0.0171875 0.025
0 0.3015625 0.35 0.0265625 0.05703125
0 0.13515625 0.25390625 0.0265625 0.046875
0 0.12421875 0.17421875 0.0171875 0.04140625
0 0.18671875 0.12734375 0.01875 0.03671875
0 0.253125 0.215625 0.02265625 0.04296875
0 0.2640625 0.26171875 0.0234375 0.046875
0 0.3390625 0.22578125 0.0265625 0.0453125
0 0.3359375 0.15546875 0.0203125 0.0453125
0 0.375 0.25546875 0.02890625 0.0484375
0 0.3875 0.365625 0.0265625 0.05859375
0 0.4296875 0.28671875 0.02109375 0.03828125
0 0.4921875 0.353125 0.02265625 0.05859375
0 0.546875 0.33984375 0.0234375 0.046875
0 0.63671875 0.334375 0.0234375 0.03828125
0 0.6328125 0.26328125 0.0234375 0.03984375
0 0.65703125 0.21484375 0.0265625 0.05
0 0.54765625 0.1734375 0.0203125 0.0453125
0 0.50859375 0.19609375 0.02109375 0.046875
0 0.4734375 0.2328125 0.02265625 0.05
0 0.4359375 0.17734375 0.01875 0.04296875
0 0.2609375 0.16796875 0.01875 0.03828125
0 0.5484375 0.82578125 0.04375 0.08828125
0 0.17890625 0.93359375 0.0421875 0.0734375
0 0.92421875 0.06796875 0.0203125 0.03359375
2 0.0890625 0.1296875 0.0625 0.259375
2 0.2765625 0.1234375 0.0578125 0.2296875
1 0.07265625 0.17578125 0.01484375 0.0265625
0 0.09140625 0.02109375 0.0171875 0.028125
0 0.27734375 0.02265625 0.01875 0.03359375
0 0.325 0.0078125 0.0171875 0.01484375
0 0.4265625 0.21171875 0.01875 0.03515625
0 0.54375 0.04140625 0.02265625 0.0453125
2 0.18359375 0.25078125 0.0640625 0.28828125
2 0.25703125 0.41796875 0.06875 0.35859375
2 0.32265625 0.1046875 0.0578125 0.209375