2 0.11015625 0.1578125 0.06015625 0.26640625
0 0.11171875 0.0390625 0.0171875 0.0234375
1 0.10859375 0.2046875 0.0171875 0.0265625
1 0.10546875 0.009375 0.0109375 0.01171875
2 0.1421875 0.23671875 0.06484375 0.3046875
0 0.14140625 0.1046875 0.02109375 0.04140625
1 0.1328125 0.29296875 0.01875 0.028125
2 0.16640625 0.1125 0.0578125 0.21640625
2 0.25078125 0.24609375 0.0734375 0.303125
1 0.2453125 0.30703125 0.01875 0.0296875
0 0.24765625 0.1171875 0.02265625 0.04296875
2 0.259375 0.1140625 0.05390625 0.21328125
0 0.25859375 0.02265625 0.01484375 0.028125
2 0.31328125 0.16796875 0.06875 0.28984375
0 0.31640625 0.03984375 0.01640625 0.028125
1 0.31171875 0.221875 0.01640625 0.01796875
2 0.371875 0.240625 0.06875 0.3046875
0 0.36953125 0.1109375 0.0203125 0.04296875
1 0.36796875 0.30234375 0.01875 0.0265625
2 0.40234375 0.1328125 0.05390625 0.23515625
2 0.4859375 0.24140625 0.06484375 0.28984375
0 0.4875 0.115625 0.0203125 0.03515625
1 0.4859375 0.2859375 0.0171875 0.028125
2 0.43359375 0.69453125 0.1046875 0.4453125
0 0.4390625 0.496875 0.02734375 0.04296875
1 0.440625 0.7828125 0.0296875 0.046875
2 0.67265625 0.8609375 0.12734375 0.278125
0 0.6953125 0.76015625 0.0375 0.06328125