2 0.03515625 0.5234375 0.0703125 0.3765625
1 0.01796875 0.58515625 0.0234375 0.04296875
2 0.09609375 0.45 0.08125 0.3703125
0 0.08671875 0.2875 0.0234375 0.04296875
1 0.0953125 0.51640625 0.025 0.03671875
2 0.13046875 0.30859375 0.06875 0.31328125
2 0.23828125 0.37109375 0.08515625 0.321875
2 0.23046875 0.18828125 0.0578125 0.171875
2 0.29296875 0.55859375 0.10234375 0.4234375
2 0.43046875 0.54453125 0.1046875 0.4
2 0.61171875 0.471875 0.09140625 0.375
2 0.5 0.12890625 0.0578125 0.25
2 0.34453125 0.12109375 0.0546875 0.2203125
0 0.12421875 0.178125 0.02265625 0.0515625
1 0.13046875 0.36328125 0.0203125 0.0296875
1 0.24375 0.45390625 0.02109375 0.03671875
0 0.2359375 0.23203125 0.0234375 0.03828125
0 0.22734375 0.12265625 0.01875 0.03671875
0 0.27890625 0.375 0.02265625 0.05
0 0.29453125 0.3875 0.01640625 0.05859375
1 0.29921875 0.6390625 0.025 0.03828125
1 0.4328125 0.61796875 0.0234375 0.03828125
0 0.42890625 0.37265625 0.02734375 0.05
1 0.34921875 0.1609375 0.01484375 0.0265625
1 0.5046875 0.18359375 0.01484375 0.025
0 0.4984375 0.0171875 0.01640625 0.0265625
1 0.6265625 0.55 0.02265625 0.03828125
0 0.60546875 0.3078125 0.025 0.03984375