2 0.0953125 0.840625 0.1015625 0.31796875
0 0.0921875 0.71796875 0.03984375 0.06640625
2 0.16875 0.86484375 0.12890625 0.2703125
0 0.14921875 0.7734375 0.0390625 0.0734375
2 0.26953125 0.940625 0.1171875 0.11796875
0 0.25078125 0.9234375 0.0359375 0.0703125
2 0.55546875 0.878125 0.1234375 0.24296875
0 0.5484375 0.80703125 0.04140625 0.08515625
2 0.29765625 0.32421875 0.07890625 0.3
0 0.28046875 0.19921875 0.025 0.0453125
1 0.290625 0.41484375 0.02109375 0.03515625
2 0.44453125 0.22265625 0.12734375 0.28671875
0 0.4453125 0.109375 0.025 0.046875
0 0.475 0.10390625 0.025 0.0453125
1 0.4953125 0.26640625 0.01640625 0.03203125
0 0.81328125 0.07421875 0.0203125 0.03984375
0 0.8609375 0.1953125 0.01875 0.0453125