2 0.2390625 0.74765625 0.11640625 0.48515625
2 0.32265625 0.6546875 0.10234375 0.45
2 0.4703125 0.340625 0.07734375 0.3296875
2 0.3109375 0.321875 0.07265625 0.31640625
2 0.37109375 0.234375 0.075 0.2734375
1 0.146875 0.28359375 0.03125 0.0453125
1 0.30625 0.384375 0.02109375 0.03515625
1 0.30859375 0.7578125 0.02890625 0.04296875
1 0.240625 0.86953125 0.0296875 0.04140625
1 0.4578125 0.44453125 0.0203125 0.03203125
1 0.36015625 0.309375 0.0171875 0.0265625
0 0.2546875 0.55703125 0.03515625 0.0734375
0 0.3359375 0.4734375 0.02734375 0.05859375
0 0.46796875 0.215625 0.0234375 0.04296875
0 0.47734375 0.20234375 0.0203125 0.05
0 0.4625 0.03984375 0.0171875 0.03359375
0 0.37109375 0.12578125 0.0234375 0.046875
0 0.31796875 0.1875 0.02109375 0.03984375
0 0.4015625 0.9625 0.0421875 0.075
0 0.425 0.9625 0.0296875 0.075
0 0.08359375 0.9484375 0.04140625 0.04296875
2 0.303125 0.11328125 0.05859375 0.21015625
2 0.5015625 0.0828125 0.0515625 0.13515625
2 0.4390625 0.21484375 0.0734375 0.29140625
1 0.14296875 0.015625 0.02109375 0.0234375
1 0.3 0.13515625 0.0171875 0.028125
2 0.33359375 0.134375 0.05625 0.2234375