2 0.10625 0.16015625 0.05625 0.26640625
0 0.10546875 0.04140625 0.0171875 0.0234375
1 0.1046875 0.2078125 0.0171875 0.0265625
1 0.09921875 0.009375 0.0109375 0.01796875
2 0.1390625 0.23671875 0.0609375 0.3046875
0 0.1359375 0.1046875 0.0203125 0.03984375
1 0.1296875 0.29296875 0.0171875 0.028125
2 0.1609375 0.109375 0.0546875 0.21796875
2 0.246875 0.23671875 0.0703125 0.3015625
1 0.24375 0.2984375 0.01875 0.0296875
0 0.2421875 0.10859375 0.02265625 0.04140625
2 0.25390625 0.1046875 0.0515625 0.209375
0 0.253125 0.01328125 0.01484375 0.0265625
2 0.309375 0.15390625 0.06484375 0.28984375
0 0.3109375 0.025 0.01640625 0.028125
1 0.3078125 0.2078125 0.01640625 0.01796875
2 0.36875 0.22109375 0.06484375 0.3046875
0 0.3640625 0.09140625 0.0203125 0.04296875
1 0.36484375 0.28359375 0.01875 0.0265625
2 0.39765625 0.11328125 0.0515625 0.2265625
2 0.4828125 0.21171875 0.0609375 0.28984375
0 0.48203125 0.0859375 0.01875 0.03515625
1 0.4828125 0.25546875 0.0171875 0.028125
2 0.4359375 0.66953125 0.0984375 0.44296875
0 0.4390625 0.471875 0.0265625 0.04140625
1 0.44453125 0.7578125 0.0296875 0.046875
2 0.6765625 0.82890625 0.1234375 0.303125
0 0.6984375 0.71328125 0.0359375 0.06171875