2 0.50078125 0.46015625 0.1 0.3734375
2 0.3390625 0.6234375 0.125 0.4703125
2 0.1390625 0.675 0.1234375 0.4796875
2 0.2328125 0.484375 0.0984375 0.3984375
2 0.34453125 0.36640625 0.0859375 0.3203125
2 0.38359375 0.11796875 0.0671875 0.2359375
2 0.5078125 0.14296875 0.0703125 0.28359375
2 0.24921875 0.30390625 0.07109375 0.3046875
2 0.12578125 0.2203125 0.0734375 0.2796875
0 0.12109375 0.47578125 0.0296875 0.06171875
0 0.3234375 0.42890625 0.02890625 0.06015625
0 0.21875 0.32421875 0.025 0.053125
0 0.3296875 0.23828125 0.02734375 0.05
0 0.490625 0.30234375 0.025 0.0484375
0 0.46484375 0.109375 0.0265625 0.04140625
0 0.49453125 0.0234375 0.0171875 0.03203125
0 0.22578125 0.04921875 0.025 0.05
0 0.1828125 0.14453125 0.0234375 0.04140625
0 0.2375 0.1796875 0.025 0.04296875
0 0.3171875 0.11015625 0.02265625 0.04296875
0 0.12109375 0.10703125 0.0234375 0.04140625
0 0.02421875 0.72890625 0.03359375 0.08359375
1 0.13359375 0.7890625 0.0296875 0.04296875
1 0.2328125 0.5671875 0.0265625 0.04296875
1 0.34140625 0.69921875 0.02890625 0.04296875
1 0.1265625 0.27421875 0.0171875 0.028125
1 0.196875 0.45859375 0.025 0.03671875
1 0.38828125 0.16328125 0.0171875 0.0265625
1 0.51171875 0.1921875 0.0203125 0.025
1 0.50234375 0.51953125 0.025 0.03671875
1 0.32265625 0.0609375 0.0140625 0.0203125
1 0.25078125 0.028125 0.0140625 0.01484375
1 0.1046875 0.12734375 0.0234375 0.03359375
0 0.31484375 0.84609375 0.04375 0.08515625
2 0.47265625 0.23046875 0.07890625 0.29140625
2 0.2 0.36484375 0.07265625 0.31328125
2 0.4046875 0.0640625 0.04609375 0.128125
2 0.05390625 0.8375 0.09609375 0.3234375