2 0.325 0.55390625 0.10390625 0.41484375
2 0.24609375 0.77109375 0.11484375 0.4234375
2 0.37890625 0.7953125 0.1171875 0.409375
2 0.453125 0.6421875 0.1109375 0.43671875
1 0.17734375 0.384375 0.04375 0.0515625
0 0.25703125 0.603125 0.03359375 0.06484375
0 0.32890625 0.37421875 0.02734375 0.05
0 0.384375 0.64140625 0.0375 0.0796875
0 0.47265625 0.4734375 0.03125 0.06328125
0 0.453125 0.46015625 0.02890625 0.0546875
1 0.3046875 0.62734375 0.02265625 0.04140625
1 0.225 0.95546875 0.02890625 0.046875
2 0.88125 0.2484375 0.1296875 0.28828125
0 0.8546875 0.13671875 0.0203125 0.04140625
0 0.8765625 0.1328125 0.01875 0.03515625
2 0.47890625 0.09296875 0.05 0.16640625
1 0.4796875 0.096875 0.01640625 0.0265625