2 0.13203125 0.5703125 0.1078125 0.43359375
2 0.25703125 0.34453125 0.08125 0.34296875
2 0.415625 0.27890625 0.0703125 0.31171875
2 0.49765625 0.340625 0.07734375 0.3484375
2 0.71328125 0.27421875 0.15390625 0.31484375
2 0.3578125 0.128125 0.06015625 0.23671875
0 0.38203125 0.84453125 0.0453125 0.08203125
0 0.1765625 0.68828125 0.0375 0.08515625
0 0.1375 0.3859375 0.0296875 0.05703125
1 0.109375 0.64140625 0.0265625 0.03828125
1 0.2453125 0.39296875 0.02109375 0.03359375
1 0.4125 0.34453125 0.0203125 0.03671875
1 0.49609375 0.4203125 0.0203125 0.0296875
0 0.50625 0.19453125 0.0203125 0.03828125
0 0.421875 0.15078125 0.02265625 0.0453125
1 0.3515625 0.15859375 0.01640625 0.021875
0 0.28046875 0.04140625 0.01640625 0.028125
0 0.1671875 0.2640625 0.0265625 0.0484375
1 0.08046875 0.29453125 0.0359375 0.04140625
0 0.7296875 0.159375 0.02265625 0.0484375
0 0.9515625 0.17265625 0.0234375 0.0515625
0 0.2640625 0.20390625 0.02265625 0.046875
0 0.3640625 0.02734375 0.02265625 0.03203125
2 0.16953125 0.8078125 0.1234375 0.33515625
2 0.425 0.07734375 0.04765625 0.1296875
2 0.2515625 0.10390625 0.05390625 0.1953125
2 0.16328125 0.39140625 0.0875 0.3234375
2 0.2796875 0.1296875 0.06015625 0.21640625
2 0.31640625 0.075 0.05 0.13203125
1 0.246875 0.153125 0.01640625 0.028125
1 0.42578125 0.090625 0.0140625 0.025
1 0.3125 0.06640625 0.01484375 0.025