2 0.17265625 0.3640625 0.10390625 0.39296875
0 0.16328125 0.2140625 0.0234375 0.03828125
1 0.1734375 0.41484375 0.01875 0.03515625
2 0.05234375 0.80234375 0.1046875 0.3953125
0 0.028125 0.6546875 0.03984375 0.075
1 0.034375 0.9890625 0.03125 0.0203125
2 0.2640625 0.11328125 0.0515625 0.196875
1 0.2625 0.1265625 0.0140625 0.021875
2 0.3078125 0.0578125 0.0484375 0.0953125
1 0.30703125 0.03515625 0.0125 0.01796875
1 0.17421875 0.0484375 0.0109375 0.01640625
2 0.1796875 0.075 0.0421875 0.1015625
2 0.3765625 0.04609375 0.0390625 0.08515625
1 0.3734375 0.0125 0.0109375 0.01484375