1 0.2046875 0.6609375 0.05234375 0.06484375
1 0.48984375 0.63359375 0.025 0.04140625
1 0.59609375 0.59140625 0.025 0.03671875
0 0.1609375 0.6734375 0.0390625 0.0734375
0 0.003125 0.83828125 0.00625 0.0703125
0 0.56953125 0.7375 0.0390625 0.075
0 0.50859375 0.3578125 0.02890625 0.05
2 0.49453125 0.5390625 0.10625 0.41640625
2 0.60078125 0.52421875 0.09609375 0.38203125
2 0.58515625 0.23671875 0.06484375 0.2734375
0 0.52421875 0.221875 0.02109375 0.03828125
0 0.59453125 0.125 0.01875 0.03828125
0 0.6203125 0.36328125 0.02109375 0.046875
0 0.60859375 0.3546875 0.02265625 0.03828125
0 0.52734375 0.03515625 0.0171875 0.03359375
0 0.4953125 0.26171875 0.0265625 0.05
2 0.8078125 0.76171875 0.13984375 0.453125
0 0.8296875 0.56640625 0.0296875 0.06328125
1 0.82578125 0.87109375 0.02890625 0.03984375
2 0.55546875 0.846875 0.1328125 0.28984375
2 0.14921875 0.80546875 0.1640625 0.33671875
1 0.584375 0.28984375 0.0171875 0.03359375
2 0.446875 0.15234375 0.05 0.25
0 0.5234375 0.13671875 0.02265625 0.03984375