2 0.2484375 0.38359375 0.0859375 0.3234375
2 0.4359375 0.515625 0.0921875 0.378125
2 0.3859375 0.32109375 0.0734375 0.3484375
2 0.09453125 0.8796875 0.12890625 0.20703125
0 0.09140625 0.8140625 0.04140625 0.0765625
2 0.2921875 0.19609375 0.0625 0.31484375
2 0.4609375 0.240625 0.06875 0.3
2 0.1609375 0.3734375 0.075 0.18515625
0 0.15625 0.3109375 0.02734375 0.05859375
0 0.25 0.25078125 0.02109375 0.0453125
2 0.5765625 0.12421875 0.06015625 0.2484375
0 0.38671875 0.10546875 0.0203125 0.03203125
1 0.45546875 0.31015625 0.01875 0.0234375
1 0.3828125 0.403125 0.0203125 0.0296875
1 0.23828125 0.44921875 0.02109375 0.0296875
1 0.49140625 0.22265625 0.01484375 0.0234375
0 0.4078125 0.0390625 0.0171875 0.0296875
0 0.9234375 0.0890625 0.01875 0.03828125
0 0.85234375 0.0828125 0.0171875 0.0296875
1 0.5734375 0.171875 0.01640625 0.0234375
0 0.0765625 0.0328125 0.0171875 0.028125
1 0.2859375 0.26484375 0.01875 0.0296875
0 0.434375 0.33671875 0.02265625 0.0546875
1 0.21328125 0.01640625 0.01875 0.0265625
0 0.46328125 0.10546875 0.02109375 0.03671875
1 0.4265625 0.58203125 0.025 0.03359375
0 0.3921875 0.16953125 0.0203125 0.03515625
0 0.15703125 0.1953125 0.0265625 0.04296875
0 0.371875 0.00703125 0.02109375 0.01328125
0 0.309375 0.009375 0.0140625 0.01796875
0 0.49609375 0.003125 0.0203125 0.00625
0 0.4890625 0.05 0.01640625 0.0296875
2 0.0234375 0.6203125 0.046875 0.415625
2 0.3453125 0.0390625 0.04375 0.078125
1 0.36484375 0.1421875 0.01640625 0.0234375
1 0.14140625 0.746875 0.02890625 0.046875
0 0.1609375 0.23515625 0.02734375 0.04296875
1 0.0453125 0.30234375 0.0296875 0.04140625
0 0.57890625 0.03203125 0.01640625 0.03671875
2 0.48984375 0.1625 0.05390625 0.26484375
2 0.36640625 0.09609375 0.05 0.19140625
2 0.15703125 0.265625 0.06640625 0.18828125
2 0.54921875 0.07890625 0.0390625 0.1578125