2 0.63359375 0.55390625 0.08984375 0.4
2 0.475 0.4625 0.0671875 0.38203125
2 0.5640625 0.40859375 0.06640625 0.3546875
2 0.25234375 0.37109375 0.06484375 0.33828125
2 0.18359375 0.24296875 0.05234375 0.271875
2 0.290625 0.72265625 0.0609375 0.478125
2 0.3390625 0.7625 0.08359375 0.43828125
2 0.4296875 0.38828125 0.06015625 0.33671875
2 0.2703125 0.12265625 0.0578125 0.221875
2 0.5390625 0.1484375 0.05390625 0.26484375
0 0.1265625 0.26171875 0.0203125 0.04140625
0 0.1171875 0.18359375 0.01875 0.03359375
0 0.1796875 0.13671875 0.0203125 0.03984375
0 0.2546875 0.175 0.0203125 0.03984375
0 0.25 0.22265625 0.02265625 0.03515625
0 0.271875 0.0265625 0.01484375 0.025
0 0.3203125 0.00859375 0.0171875 0.01640625
0 0.3328125 0.1578125 0.0203125 0.03984375
0 0.3328125 0.2296875 0.02265625 0.03984375
0 0.3 0.50546875 0.025 0.046875
1 0.23671875 0.43515625 0.0171875 0.03359375
1 0.42578125 0.44921875 0.025 0.03515625
1 0.4734375 0.5328125 0.0203125 0.04140625
1 0.28359375 0.8046875 0.02734375 0.0484375
1 0.3171875 0.9375 0.02890625 0.05
1 0.63515625 0.659375 0.0203125 0.03359375
1 0.5609375 0.4671875 0.02109375 0.03984375
1 0.36953125 0.30078125 0.0171875 0.025
1 0.5375 0.21640625 0.01484375 0.0265625
0 0.5390625 0.03984375 0.02109375 0.03984375
0 0.9203125 0.05703125 0.0203125 0.04296875
0 0.52578125 0.77578125 0.04609375 0.06796875
0 0.39296875 0.76640625 0.0375 0.08515625
0 0.33671875 0.58046875 0.0390625 0.071875
0 0.4359375 0.17265625 0.02265625 0.03671875
0 0.503125 0.19453125 0.02265625 0.0453125
0 0.65546875 0.215625 0.0234375 0.0515625
0 0.64140625 0.39453125 0.02890625 0.06328125
2 0.3984375 0.853125 0.12109375 0.271875
2 0.05234375 0.87265625 0.1046875 0.2546875
0 0.0359375 0.7828125 0.04609375 0.06796875
2 0.53203125 0.86171875 0.11875 0.246875
2 0.37109375 0.23984375 0.0515625 0.28828125
2 0.31875 0.09765625 0.04765625 0.1953125
1 0.17734375 0.31328125 0.0171875 0.0296875
1 0.0609375 0.60078125 0.0375 0.06171875