2 0.10859375 0.78828125 0.1328125 0.4234375
1 0.0765625 0.9359375 0.03359375 0.05703125
0 0.0953125 0.6140625 0.0359375 0.06328125
2 0.3046875 0.69765625 0.11015625 0.46015625
0 0.30078125 0.5015625 0.0296875 0.06328125
1 0.2828125 0.775 0.0296875 0.053125
0 0.225 0.4359375 0.0296875 0.0546875
2 0.165625 0.51640625 0.08515625 0.41328125
0 0.1609375 0.3359375 0.02890625 0.0453125
1 0.15546875 0.58984375 0.02890625 0.04296875
2 0.284375 0.45859375 0.07265625 0.3453125
1 0.2828125 0.5296875 0.02265625 0.03984375
2 0.053125 0.40078125 0.0890625 0.36015625
0 0.05234375 0.2484375 0.0265625 0.04296875
1 0.078125 0.4609375 0.0234375 0.04140625
2 0.11640625 0.36953125 0.07734375 0.34296875
1 0.115625 0.42890625 0.02109375 0.03515625
0 0.11171875 0.22578125 0.0234375 0.03984375
0 0.1234375 0.215625 0.0203125 0.03203125
0 0.15546875 0.17421875 0.02109375 0.0484375
0 0.1859375 0.228125 0.02890625 0.04140625
0 0.2390625 0.24453125 0.02734375 0.0515625
0 0.23671875 0.18203125 0.02109375 0.04140625
0 0.28125 0.21328125 0.02109375 0.0453125
2 0.340625 0.31640625 0.07109375 0.33984375
0 0.3375 0.17265625 0.02109375 0.04296875
1 0.33671875 0.3859375 0.0203125 0.03671875
2 0.39296875 0.40546875 0.10234375 0.36015625
0 0.3828125 0.2578125 0.02109375 0.0453125
0 0.396875 0.25234375 0.02109375 0.046875
1 0.38125 0.5265625 0.02265625 0.03515625
2 0.45390625 0.325 0.07734375 0.31796875
0 0.44921875 0.1890625 0.0234375 0.03671875
1 0.4546875 0.4125 0.0203125 0.03359375
2 0.5609375 0.3078125 0.07890625 0.3203125
1 0.546875 0.36953125 0.0203125 0.03359375
2 0.5109375 0.49765625 0.0859375 0.3953125
1 0.50625 0.5765625 0.025 0.03984375
0 0.50703125 0.33359375 0.0296875 0.06015625
2 0.66640625 0.3765625 0.07890625 0.371875
0 0.66953125 0.2234375 0.02734375 0.0484375
1 0.66875 0.4890625 0.0234375 0.03984375
2 0.81015625 0.6734375 0.14609375 0.4515625
0 0.77265625 0.48046875 0.02734375 0.05859375
0 0.8015625 0.48046875 0.0296875 0.05703125
1 0.76171875 0.765625 0.02734375 0.0484375
2 0.9125 0.51015625 0.09140625 0.3984375
0 0.89609375 0.33984375 0.0265625 0.053125
1 0.89296875 0.5796875 0.0265625 0.0453125
2 0.90390625 0.3078125 0.10859375 0.33671875
0 0.8921875 0.16640625 0.02734375 0.04296875
1 0.921875 0.38203125 0.02109375 0.03671875
2 0.975 0.56484375 0.04375 0.425
1 0.98359375 0.696875 0.0203125 0.0515625
0 0.990625 0.3921875 0.01015625 0.06640625
2 0.2359375 0.6203125 0.0875 0.421875