2 0.63203125 0.3375 0.06015625 0.29296875
2 0.6703125 0.615625 0.08125 0.421875
2 0.26796875 0.6484375 0.10234375 0.271875
0 0.27109375 0.5578125 0.04375 0.0734375
2 0.37734375 0.6671875 0.1 0.40703125
0 0.3796875 0.49296875 0.02890625 0.053125
1 0.3640625 0.775 0.0265625 0.04140625
2 0.478125 0.66640625 0.1 0.4765625
0 0.48359375 0.47265625 0.03515625 0.075
2 0.5328125 0.5859375 0.08125 0.4296875
0 0.52734375 0.40546875 0.02890625 0.05859375
2 0.5984375 0.65703125 0.0921875 0.44140625
0 0.5984375 0.47265625 0.0328125 0.06171875
1 0.5953125 0.7734375 0.0265625 0.046875
0 0.271875 0.43046875 0.03125 0.05859375
2 0.70390625 0.69296875 0.1 0.43984375
0 0.70390625 0.5109375 0.02890625 0.06328125
1 0.68203125 0.82109375 0.0265625 0.0484375
0 0.67890625 0.43671875 0.03125 0.0546875
1 0.65546875 0.67734375 0.025 0.03828125
2 0.77421875 0.63984375 0.0984375 0.43359375
0 0.771875 0.4546875 0.0328125 0.05859375
1 0.79140625 0.759375 0.025 0.0453125
2 0.74140625 0.27890625 0.08359375 0.31171875
0 0.7484375 0.1515625 0.0203125 0.0453125
1 0.76953125 0.36015625 0.01875 0.03359375
1 0.45390625 0.73984375 0.0265625 0.046875
1 0.5234375 0.6609375 0.0234375 0.03984375
1 0.62421875 0.42109375 0.0203125 0.03203125
0 0.62734375 0.21953125 0.03359375 0.053125
0 0.55078125 0.221875 0.02890625 0.053125
0 0.59921875 0.25703125 0.0234375 0.05
0 0.5984375 0.3109375 0.02890625 0.05703125
0 0.5796875 0.35 0.03359375 0.06484375
0 0.48984375 0.33828125 0.0328125 0.053125
0 0.490625 0.2828125 0.0234375 0.0484375
0 0.52421875 0.2578125 0.0234375 0.05
0 0.46796875 0.23828125 0.025 0.05703125
0 0.37421875 0.21015625 0.0234375 0.05
0 0.325 0.29453125 0.02265625 0.0515625
0 0.34375 0.2921875 0.02265625 0.06328125
0 0.2703125 0.36015625 0.025 0.05703125
0 0.303125 0.31015625 0.0265625 0.06640625
0 0.409375 0.31796875 0.0359375 0.06171875
0 0.3890625 0.3703125 0.02734375 0.053125
0 0.3640625 0.4296875 0.02734375 0.05
0 0.6859375 0.25390625 0.02734375 0.0515625
0 0.6875 0.31328125 0.0234375 0.0453125
0 0.6921875 0.3453125 0.02265625 0.0453125
2 0.96328125 0.1875 0.0609375 0.2515625
0 0.97109375 0.08359375 0.01640625 0.03203125
1 0.97578125 0.2375 0.0140625 0.0234375
2 0.4578125 0.36484375 0.0484375 0.30703125
0 0.0578125 0.959375 0.0375 0.0703125