2 0.1875 0.3375 0.0921875 0.39140625
0 0.1796875 0.18671875 0.0234375 0.03828125
1 0.1875 0.38828125 0.0171875 0.03515625
2 0.0578125 0.7875 0.09609375 0.425
0 0.0390625 0.62265625 0.0375 0.075
1 0.040625 0.9734375 0.03125 0.053125
2 0.2828125 0.09453125 0.04609375 0.18828125
1 0.28046875 0.10390625 0.0125 0.0203125
2 0.32578125 0.0421875 0.0453125 0.084375
1 0.3265625 0.01484375 0.0125 0.01640625
1 0.19375 0.02109375 0.01015625 0.01640625
2 0.1984375 0.04921875 0.0390625 0.0984375
2 0.3953125 0.03515625 0.0359375 0.0703125
1 0.3921875 0.00078125 0.0109375 0.0015625