2 0.1125 0.3703125 0.0828125 0.3296875
1 0.1171875 0.4203125 0.0203125 0.03359375
0 0.1109375 0.22734375 0.02265625 0.03828125
2 0.0828125 0.16796875 0.0671875 0.24140625
1 0.0828125 0.19609375 0.01640625 0.025
2 0.128125 0.27578125 0.0546875 0.2546875
0 0.1296875 0.1765625 0.02265625 0.04296875
0 0.115625 0.1734375 0.0171875 0.04296875
2 0.14375 0.1296875 0.05 0.178125
1 0.14140625 0.1546875 0.0140625 0.021875
2 0.2203125 0.271875 0.0796875 0.3234375
0 0.21015625 0.13671875 0.02109375 0.04140625
1 0.221875 0.346875 0.01875 0.03203125
2 0.2859375 0.27734375 0.075 0.28984375
1 0.29140625 0.3359375 0.01875 0.03203125
0 0.2796875 0.15859375 0.0203125 0.03984375
2 0.265625 0.159375 0.06640625 0.225
0 0.2609375 0.06953125 0.0203125 0.03984375
2 0.37109375 0.34296875 0.07734375 0.31640625
2 0.3390625 0.25703125 0.0671875 0.28203125
0 0.36328125 0.209375 0.0234375 0.04140625
0 0.33671875 0.13671875 0.0203125 0.03671875
2 0.4265625 0.2171875 0.07109375 0.28203125
0 0.41875 0.09765625 0.01875 0.03515625
1 0.3734375 0.396875 0.02265625 0.03203125
1 0.4359375 0.30078125 0.0171875 0.028125
2 0.38203125 0.1546875 0.0671875 0.2515625
1 0.3921875 0.19453125 0.0171875 0.028125
0 0.378125 0.05078125 0.02109375 0.03828125
0 0.8484375 0.07734375 0.0203125 0.04140625