2 0.5140625 0.7734375 0.1171875 0.446875
2 0.39921875 0.55703125 0.09609375 0.41171875
2 0.59375 0.4703125 0.0796875 0.403125
2 0.69609375 0.459375 0.07890625 0.38671875
2 0.1578125 0.58671875 0.09765625 0.471875
2 0.32578125 0.4453125 0.0875 0.3953125
2 0.24375 0.39296875 0.09375 0.36328125
2 0.0484375 0.68515625 0.096875 0.4953125
2 0.4546875 0.3125 0.075 0.30859375
2 0.103125 0.4234375 0.08515625 0.3703125
0 0.03046875 0.471875 0.03125 0.05859375
0 0.16328125 0.3859375 0.0296875 0.053125
0 0.103125 0.2625 0.0234375 0.0453125
0 0.24375 0.23515625 0.02265625 0.046875
0 0.29921875 0.1953125 0.0234375 0.03984375
0 0.25625 0.1671875 0.025 0.05
0 0.32421875 0.1546875 0.02109375 0.03828125
0 0.34765625 0.21796875 0.0265625 0.05
0 0.4234375 0.2015625 0.02734375 0.05703125
0 0.45 0.18359375 0.0234375 0.046875
0 0.4078125 0.390625 0.02890625 0.05859375
0 0.52421875 0.584375 0.0296875 0.06484375
0 0.59921875 0.3 0.0296875 0.0546875
0 0.70546875 0.29609375 0.0265625 0.03984375
0 0.678125 0.22890625 0.02265625 0.04140625
0 0.63671875 0.2 0.0234375 0.05
0 0.5828125 0.2234375 0.02265625 0.0453125
0 0.6015625 0.07578125 0.0171875 0.0296875
0 0.1015625 0.18828125 0.0234375 0.0453125
0 0.128125 0.15859375 0.0171875 0.03671875
0 0.18203125 0.17109375 0.0265625 0.046875
0 0.1625 0.2296875 0.0234375 0.0484375
0 0.33203125 0.27578125 0.025 0.046875
1 0.2328125 0.45078125 0.025 0.04140625
1 0.13828125 0.684375 0.025 0.04296875
1 0.11015625 0.48359375 0.01875 0.028125
1 0.003125 0.75859375 0.00625 0.046875
1 0.3078125 0.553125 0.0234375 0.04140625
1 0.38046875 0.675 0.025 0.04296875
1 0.4484375 0.390625 0.01875 0.03203125
1 0.278125 0.39140625 0.0171875 0.028125
0 0.57890625 0.1578125 0.02890625 0.04140625
1 0.58046875 0.5375 0.02109375 0.03671875
1 0.6828125 0.52109375 0.025 0.04140625
1 0.6484375 0.4359375 0.02109375 0.03671875
1 0.503125 0.9203125 0.0296875 0.0484375
2 0.5390625 0.31328125 0.0625 0.30859375
2 0.66484375 0.37265625 0.06640625 0.33515625
2 0.1625 0.32265625 0.07265625 0.2296875
2 0.6 0.1578125 0.0765625 0.1984375
2 0.5703125 0.35234375 0.05390625 0.30859375
2 0.62734375 0.33828125 0.06875 0.3234375