2 0.23046875 0.7953125 0.1390625 0.409375
0 0.2140625 0.63671875 0.0375 0.0765625
1 0.2125 0.95390625 0.0359375 0.0546875
2 0.15546875 0.4078125 0.0984375 0.33515625
0 0.1484375 0.26484375 0.02265625 0.04140625
1 0.1578125 0.48515625 0.02265625 0.03515625
0 0.13984375 0.2234375 0.0203125 0.03671875
0 0.209375 0.35703125 0.025 0.05
2 0.22734375 0.509375 0.0875 0.35703125
1 0.23125 0.57734375 0.02734375 0.04296875
2 0.3453125 0.51328125 0.1234375 0.403125
0 0.3296875 0.33984375 0.02734375 0.046875
1 0.325 0.6171875 0.025 0.03984375
0 0.20625 0.2859375 0.02265625 0.04140625
0 0.2109375 0.2046875 0.02109375 0.03828125
2 0.25703125 0.3875 0.07265625 0.325
0 0.24296875 0.2421875 0.02109375 0.03359375
1 0.2546875 0.49296875 0.0203125 0.03359375
0 0.29140625 0.20546875 0.025 0.03984375
0 0.30234375 0.2859375 0.0265625 0.046875
0 0.340625 0.25546875 0.02265625 0.03984375
2 0.4203125 0.33984375 0.0828125 0.3046875
0 0.4109375 0.21171875 0.02265625 0.03984375
1 0.42890625 0.403125 0.02265625 0.03359375
2 0.4984375 0.33046875 0.0890625 0.33203125
0 0.484375 0.18984375 0.0265625 0.04140625
1 0.496875 0.39765625 0.02109375 0.03203125
2 0.5796875 0.334375 0.0828125 0.3203125
0 0.57734375 0.19765625 0.025 0.03828125
1 0.59296875 0.4109375 0.02109375 0.03359375
2 0.46328125 0.2671875 0.0671875 0.28671875
0 0.46640625 0.14296875 0.02265625 0.03828125
2 0.5140625 0.175 0.07109375 0.26328125
0 0.5109375 0.0625 0.0203125 0.03515625
1 0.52421875 0.2265625 0.0171875 0.028125
2 0.68046875 0.45234375 0.09140625 0.35703125
0 0.6671875 0.30078125 0.025 0.0453125
1 0.67734375 0.5453125 0.025 0.03671875
2 0.06171875 0.78359375 0.0953125 0.4328125
0 0.02734375 0.61171875 0.025 0.071875
2 0.5328125 0.87265625 0.1390625 0.2546875
0 0.540625 0.80546875 0.0453125 0.08828125
0 0.51796875 0.78984375 0.0375 0.0765625