2 0.7734375 0.60859375 0.13125 0.453125
2 0.68828125 0.65546875 0.13515625 0.44140625
2 0.55390625 0.434375 0.09140625 0.353125
2 0.40625 0.36015625 0.08359375 0.3515625
2 0.05390625 0.48046875 0.09140625 0.38359375
2 0.30859375 0.71640625 0.11484375 0.46796875
2 0.12109375 0.778125 0.1359375 0.44296875
2 0.1890625 0.49765625 0.0890625 0.3734375
2 0.34609375 0.3421875 0.0765625 0.296875
2 0.24765625 0.5609375 0.0890625 0.41015625
0 0.04453125 0.31328125 0.02265625 0.04296875
0 0.14375 0.26640625 0.0234375 0.03984375
0 0.11796875 0.6046875 0.0421875 0.075
0 0.1 0.58984375 0.03125 0.06015625
0 0.1953125 0.78828125 0.0390625 0.06171875
0 0.29140625 0.5203125 0.03984375 0.06171875
0 0.4546875 0.703125 0.0453125 0.0765625
0 0.4796875 0.540625 0.0328125 0.06015625
0 0.33515625 0.21171875 0.0328125 0.06640625
0 0.25078125 0.26953125 0.02265625 0.0484375
0 0.30859375 0.30703125 0.025 0.0484375
0 0.48828125 0.3953125 0.02890625 0.046875
0 0.62421875 0.35 0.0265625 0.046875
0 0.66953125 0.4796875 0.0375 0.06640625
0 0.56953125 0.16796875 0.0203125 0.03828125
0 0.4515625 0.0265625 0.0203125 0.03359375
0 0.3109375 0.121875 0.0171875 0.03984375
0 0.2078125 0.23671875 0.025 0.0453125
0 0.2421875 0.17890625 0.01875 0.03828125
0 0.17734375 0.09453125 0.02109375 0.03671875
0 0.1296875 0.19140625 0.025 0.03984375
0 0.1203125 0.43203125 0.0296875 0.0515625
0 0.6375 0.30078125 0.0265625 0.046875
0 0.425 0.09765625 0.02109375 0.04140625
1 0.40546875 0.44140625 0.01875 0.03359375
1 0.32578125 0.57265625 0.0234375 0.03515625
1 0.2546875 0.68984375 0.0265625 0.03359375
1 0.13125 0.89296875 0.02734375 0.04140625
1 0.31640625 0.85 0.02890625 0.0453125
1 0.7046875 0.759375 0.02890625 0.04296875
1 0.8015625 0.69140625 0.025 0.03828125
1 0.559375 0.5015625 0.025 0.03515625
1 0.190625 0.5734375 0.0265625 0.03515625
1 0.05390625 0.55 0.02265625 0.03203125
1 0.3453125 0.43828125 0.01875 0.0296875
0 0.23828125 0.38984375 0.02890625 0.05859375
0 0.4484375 0.271875 0.02109375 0.03671875
0 0.3171875 0.06796875 0.02109375 0.03671875
1 0.27109375 0.16015625 0.01484375 0.025
1 0.2234375 0.2125 0.0140625 0.0203125
1 0.18203125 0.26796875 0.01640625 0.0234375
1 0.0921875 0.1359375 0.01484375 0.021875
1 0.528125 0.05859375 0.0140625 0.01796875
2 0.44765625 0.82265625 0.1390625 0.3546875
0 0.378125 0.04140625 0.01640625 0.03515625
2 0.02734375 0.625 0.0546875 0.43359375
0 0.73359375 0.8921875 0.0375 0.0703125
0 0.2171875 0.8015625 0.02734375 0.08359375
0 0.44375 0.67578125 0.0359375 0.05703125
2 0.4921875 0.54921875 0.09765625 0.353125
2 0.57421875 0.29453125 0.07265625 0.28359375
2 0.44921875 0.4109375 0.0765625 0.31640625
2 0.3125 0.45390625 0.0875 0.346875
2 0.14453125 0.3765625 0.0671875 0.25
2 0.378125 0.11953125 0.06015625 0.19296875
2 0.428125 0.1734375 0.06015625 0.19296875
0 0.5328125 0.0921875 0.0234375 0.0484375
0 0.5359375 0.16953125 0.06484375 0.18671875
2 0.11640625 0.1359375 0.05390625 0.18828125
2 0.2203125 0.1375 0.05625 0.18359375
2 0.26796875 0.11953125 0.0578125 0.19296875