2 0.39375 0.725 0.0875 0.46328125
2 0.24765625 0.7828125 0.09140625 0.425
2 0.14140625 0.66640625 0.0765625 0.4234375
2 0.51015625 0.6078125 0.07890625 0.44296875
2 0.6 0.5828125 0.08515625 0.4234375
2 0.6578125 0.4796875 0.06875 0.38984375
2 0.2109375 0.4171875 0.06484375 0.353125
2 0.06328125 0.609375 0.0828125 0.43359375
2 0.378125 0.371875 0.06015625 0.30703125
2 0.44140625 0.365625 0.06015625 0.325
2 0.3203125 0.4796875 0.06640625 0.3765625
0 0.1421875 0.35703125 0.0203125 0.03515625
0 0.0578125 0.4234375 0.02890625 0.0546875
0 0.1328125 0.48515625 0.02890625 0.046875
0 0.2421875 0.6 0.02890625 0.0515625
0 0.2078125 0.26953125 0.0234375 0.0546875
0 0.2765625 0.23359375 0.02265625 0.0484375
0 0.31015625 0.3171875 0.025 0.05
0 0.37734375 0.25 0.0265625 0.046875
0 0.4359375 0.22421875 0.02109375 0.03515625
0 0.5109375 0.10546875 0.02109375 0.03984375
0 0.3859375 0.5265625 0.0234375 0.053125
0 0.5078125 0.41796875 0.0296875 0.05
0 0.5984375 0.3953125 0.025 0.04140625
0 0.5421875 0.22890625 0.0203125 0.04140625
0 0.51015625 0.28984375 0.02109375 0.0453125
0 0.65703125 0.3109375 0.02890625 0.053125
0 0.5953125 0.11640625 0.01640625 0.04140625
0 0.559375 0.16484375 0.02109375 0.03984375
1 0.1359375 0.84609375 0.025 0.0484375
1 0.24296875 0.9078125 0.02734375 0.046875
1 0.3921875 0.890625 0.0296875 0.0546875
1 0.51875 0.68515625 0.02265625 0.03515625
1 0.61796875 0.70234375 0.02734375 0.04296875
1 0.6703125 0.553125 0.0234375 0.04296875
1 0.44453125 0.41953125 0.02265625 0.04140625
1 0.378125 0.4625 0.0203125 0.03984375
1 0.3140625 0.5578125 0.02265625 0.046875
1 0.209375 0.51015625 0.02265625 0.028125
1 0.59765625 0.31171875 0.0171875 0.0265625
1 0.7671875 0.25859375 0.01640625 0.0265625
0 0.28125 0.453125 0.0265625 0.06796875
0 0.49375 0.0546875 0.01875 0.0296875
0 0.6265625 0.1921875 0.025 0.03828125
0 0.865625 0.05859375 0.0171875 0.03984375
1 0.0546875 0.74296875 0.0265625 0.0484375
2 0.2703125 0.321875 0.05625 0.23359375
2 0.5109375 0.178125 0.0578125 0.18984375
2 0.746875 0.22578125 0.07265625 0.29140625
1 0.0171875 0.4203125 0.03125 0.053125
1 0.403125 0.040625 0.0125 0.0234375
1 0.2953125 0.24453125 0.025 0.03828125