0 0.159375 0.7640625 0.04140625 0.075
0 0.17265625 0.6203125 0.03515625 0.06171875
0 0.20234375 0.12734375 0.0203125 0.03671875
0 0.2734375 0.1765625 0.0203125 0.0453125
0 0.296875 0.025 0.02109375 0.03671875
0 0.34140625 0.01640625 0.0171875 0.01640625
0 0.35078125 0.16015625 0.0203125 0.04140625
0 0.45 0.22578125 0.02109375 0.03671875
0 0.5953125 0.30703125 0.0296875 0.06328125
0 0.96328125 0.15546875 0.0171875 0.0296875
1 0.1953125 0.31640625 0.0171875 0.021875
2 0.19453125 0.26640625 0.0828125 0.36015625
2 0.2640625 0.30859375 0.0796875 0.34140625
2 0.34296875 0.3109375 0.07734375 0.36171875
2 0.2921875 0.1203125 0.06015625 0.228125
2 0.38828125 0.25390625 0.05234375 0.30859375
1 0.38125 0.309375 0.0171875 0.03203125
1 0.4359375 0.44609375 0.0203125 0.03671875
1 0.57578125 0.53515625 0.01875 0.03203125
2 0.4359375 0.3828125 0.0859375 0.36484375
2 0.5890625 0.4609375 0.1015625 0.38515625
1 0.2671875 0.3765625 0.02109375 0.03515625
1 0.3375 0.153125 0.0140625 0.0265625
1 0.2953125 0.16328125 0.0171875 0.0296875