2 0.5234375 0.36328125 0.0921875 0.375
2 0.3421875 0.3125 0.0796875 0.31640625
2 0.17578125 0.7171875 0.10859375 0.48359375
2 0.1265625 0.56953125 0.09609375 0.396875
2 0.1828125 0.39609375 0.08359375 0.33984375
2 0.0390625 0.42890625 0.07734375 0.3515625
2 0.0890625 0.296875 0.07890625 0.31328125
2 0.12265625 0.1875 0.07109375 0.2703125
0 0.52109375 0.7609375 0.04375 0.11328125
0 0.5203125 0.2171875 0.02890625 0.06328125
0 0.33515625 0.18671875 0.025 0.0515625
0 0.171875 0.25390625 0.02109375 0.0484375
0 0.16484375 0.51640625 0.03359375 0.05859375
0 0.1125 0.39765625 0.02734375 0.03828125
0 0.01796875 0.28359375 0.025 0.046875
0 0.0828125 0.16796875 0.0265625 0.04140625
0 0.046875 0.7015625 0.03984375 0.06484375
0 0.02734375 0.703125 0.0265625 0.06796875
0 0.67421875 0.0921875 0.02265625 0.03671875
0 0.1765625 0.1828125 0.01875 0.04140625
0 0.1109375 0.07734375 0.02109375 0.03671875
1 0.1203125 0.6515625 0.0234375 0.03828125
1 0.16640625 0.8375 0.02890625 0.05
1 0.3375 0.36796875 0.0203125 0.028125
1 0.1765625 0.49921875 0.02109375 0.03359375
1 0.08046875 0.35859375 0.0234375 0.028125
1 0.5359375 0.43046875 0.0203125 0.03671875
1 0.28203125 0.05703125 0.01640625 0.0203125
1 0.72109375 0.2515625 0.0125 0.03359375
2 0.06328125 0.83125 0.1203125 0.3375
2 0.51953125 0.84921875 0.1375 0.3015625
2 0.1875 0.27890625 0.0703125 0.23984375
2 0.1375 0.13203125 0.04609375 0.196875
2 0.66796875 0.21328125 0.12734375 0.28515625