2 0.5140625 0.66328125 0.1140625 0.471875
2 0.1578125 0.678125 0.1125 0.46328125
2 0.3515625 0.5734375 0.1125 0.41328125
2 0.2640625 0.33515625 0.07890625 0.31640625
2 0.3625 0.37890625 0.07890625 0.31328125
2 0.51953125 0.078125 0.0515625 0.15625
2 0.3921875 0.18828125 0.0640625 0.26796875
2 0.18984375 0.225 0.0734375 0.28984375
2 0.13203125 0.1359375 0.05625 0.21015625
2 0.2078125 0.1640625 0.05859375 0.25
2 0.3078125 0.16953125 0.06875 0.271875
0 0.1453125 0.48515625 0.0328125 0.0546875
0 0.3421875 0.39921875 0.0234375 0.05
0 0.25546875 0.2015625 0.02109375 0.04296875
0 0.178125 0.10234375 0.01875 0.03515625
0 0.30390625 0.059375 0.0171875 0.03828125
0 0.3859375 0.078125 0.01875 0.03828125
0 0.35546875 0.25703125 0.025 0.0515625
0 0.43515625 0.88515625 0.0453125 0.096875
0 0.50078125 0.46640625 0.03359375 0.06328125
1 0.1546875 0.809375 0.02734375 0.05
1 0.34609375 0.65390625 0.0265625 0.04296875
1 0.26015625 0.39140625 0.02109375 0.03671875
1 0.30859375 0.2421875 0.0171875 0.0296875
1 0.21171875 0.203125 0.0171875 0.0265625
1 0.190625 0.2640625 0.0171875 0.0265625
1 0.3953125 0.26171875 0.0203125 0.0265625
1 0.50546875 0.7359375 0.02890625 0.046875
1 0.5203125 0.09140625 0.01640625 0.021875
1 0.41015625 0.028125 0.0140625 0.028125
1 0.4359375 0.02421875 0.0125 0.0296875
1 0.3171875 0.025 0.02109375 0.0234375
1 0.1265625 0.15546875 0.01484375 0.025
1 0.18984375 0.034375 0.0125 0.01640625
2 0.46953125 0.14140625 0.0609375 0.23515625