2 0.10546875 0.74765625 0.11640625 0.4546875
0 0.10859375 0.55859375 0.0328125 0.06171875
1 0.08671875 0.84765625 0.0328125 0.0515625
0 0.071875 0.940625 0.0390625 0.06015625
2 0.3078125 0.67265625 0.12109375 0.48515625
0 0.315625 0.46171875 0.0296875 0.05703125
1 0.29140625 0.7953125 0.0296875 0.053125
2 0.14296875 0.56328125 0.0921875 0.36796875
0 0.1359375 0.41015625 0.03125 0.05703125
0 0.13828125 0.4625 0.0359375 0.0546875
2 0.1578125 0.30390625 0.07265625 0.321875
0 0.15859375 0.16796875 0.0265625 0.0453125
1 0.15703125 0.409375 0.02109375 0.03671875
2 0.2078125 0.41953125 0.08984375 0.38828125
1 0.190625 0.4984375 0.025 0.046875
2 0.3265625 0.4140625 0.0921875 0.2515625
0 0.3265625 0.31484375 0.0265625 0.05
2 0.46796875 0.55703125 0.09765625 0.45703125
0 0.47421875 0.36953125 0.03515625 0.0703125
1 0.46484375 0.646875 0.02734375 0.0453125
2 0.30625 0.30078125 0.06640625 0.31484375
0 0.30859375 0.16484375 0.0203125 0.04140625
1 0.30234375 0.3625 0.0203125 0.0296875
2 0.36328125 0.23984375 0.07109375 0.2953125
0 0.36796875 0.11640625 0.025 0.0453125
1 0.35390625 0.290625 0.01875 0.0296875
2 0.3890625 0.33359375 0.07109375 0.31640625
0 0.396875 0.196875 0.02265625 0.03203125
1 0.38203125 0.38359375 0.02265625 0.03515625
2 0.528125 0.3609375 0.0796875 0.35
0 0.53125 0.21015625 0.02734375 0.0453125
1 0.5234375 0.43046875 0.02265625 0.03671875
2 0.596875 0.24609375 0.075 0.2984375
0 0.603125 0.1171875 0.0234375 0.03828125
0 0.60390625 0.13046875 0.0203125 0.028125
1 0.5953125 0.3 0.0203125 0.03203125
2 0.5265625 0.165625 0.05390625 0.19296875
0 0.52890625 0.0875 0.02265625 0.03828125
2 0.49375 0.17421875 0.05234375 0.26484375
0 0.49921875 0.0625 0.01875 0.03359375
1 0.48515625 0.25078125 0.01640625 0.0296875
2 0.4359375 0.1046875 0.053125 0.209375
1 0.43515625 0.1296875 0.01640625 0.025
1 0.34921875 0.0890625 0.04375 0.178125
1 0.2203125 0.11953125 0.025 0.0453125
1 0.1234375 0.28671875 0.02265625 0.03671875
0 0.92734375 0.1140625 0.0203125 0.04296875