2 0.3546875 0.521875 0.1109375 0.3953125
0 0.3453125 0.36171875 0.0375 0.06328125
1 0.34375 0.603125 0.0265625 0.04296875
2 0.1453125 0.478125 0.1046875 0.38359375
0 0.1328125 0.31953125 0.02890625 0.053125
1 0.13125 0.5625 0.025 0.046875
2 0.234375 0.3453125 0.09140625 0.33828125
0 0.22890625 0.2046875 0.03359375 0.0546875
1 0.2265625 0.39609375 0.02734375 0.03984375
2 0.11484375 0.23671875 0.075 0.25859375
0 0.109375 0.13515625 0.0265625 0.04140625
0 0.1203125 0.16796875 0.02265625 0.04140625
2 0.29609375 0.371875 0.1078125 0.38671875
1 0.2953125 0.45546875 0.0265625 0.0453125
0 0.2390625 0.12421875 0.02734375 0.046875
0 0.27890625 0.09140625 0.02109375 0.03671875
2 0.33984375 0.14921875 0.07109375 0.26015625
0 0.3375 0.03984375 0.0234375 0.03828125
1 0.346875 0.21171875 0.0203125 0.0296875
2 0.465625 0.20546875 0.06875 0.278125
0 0.46171875 0.08828125 0.02265625 0.03671875
1 0.46484375 0.2546875 0.0203125 0.03515625
2 0.4234375 0.1265625 0.0671875 0.228125
1 0.4328125 0.1671875 0.0171875 0.025
0 0.421875 0.028125 0.0203125 0.0265625
2 0.47578125 0.0734375 0.05390625 0.1265625
1 0.48046875 0.08046875 0.0140625 0.021875
0 0.81640625 0.06484375 0.0234375 0.03984375
2 0.02734375 0.12578125 0.0546875 0.16484375
1 0.02578125 0.16796875 0.01640625 0.025
1 0.08515625 0.22734375 0.02265625 0.0296875
0 0.8890625 0.071875 0.02109375 0.03671875