2 0.44921875 0.609375 0.09140625 0.39296875
2 0.2734375 0.70703125 0.09609375 0.46796875
2 0.17578125 0.65234375 0.08515625 0.46484375
2 0.5671875 0.228125 0.07109375 0.2984375
2 0.7421875 0.1875 0.08125 0.2796875
2 0.4078125 0.39296875 0.0609375 0.34140625
2 0.45859375 0.3296875 0.06640625 0.33203125
2 0.0546875 0.55078125 0.07734375 0.4234375
2 0.11796875 0.2984375 0.05625 0.3265625
2 0.1890625 0.15859375 0.0515625 0.253125
0 0.0328125 0.39609375 0.025 0.04296875
0 0.05234375 0.37734375 0.02265625 0.0546875
1 0.046875 0.621875 0.02109375 0.03984375
1 0.17109375 0.80234375 0.0234375 0.04140625
1 0.2609375 0.815625 0.0234375 0.04140625
0 0.06953125 0.82421875 0.0390625 0.08828125
0 0.17109375 0.4578125 0.02734375 0.05703125
0 0.2546875 0.515625 0.0234375 0.04296875
0 0.26640625 0.50703125 0.02265625 0.05859375
0 0.4359375 0.4421875 0.02265625 0.0484375
0 0.4015625 0.2484375 0.0203125 0.03828125
0 0.45078125 0.19140625 0.025 0.05
0 0.5609375 0.11796875 0.01484375 0.028125
0 0.55625 0.103125 0.0140625 0.0265625
1 0.571875 0.290625 0.01640625 0.0234375
1 0.45703125 0.39609375 0.0203125 0.028125
1 0.4453125 0.71796875 0.0234375 0.03515625
1 0.115625 0.3546875 0.0171875 0.0265625
1 0.1828125 0.2328125 0.01640625 0.0234375
1 0.2890625 0.32421875 0.0265625 0.04296875
0 0.440625 0.11640625 0.0171875 0.03203125
0 0.46640625 0.08515625 0.0171875 0.03359375
0 0.74453125 0.07109375 0.0203125 0.03359375
0 0.1875 0.0546875 0.0203125 0.03828125
0 0.11640625 0.16328125 0.0203125 0.04140625
2 0.24140625 0.409375 0.0734375 0.3265625
0 0.2359375 0.27578125 0.0265625 0.05
2 0.27421875 0.07578125 0.0484375 0.1515625
0 0.2703125 0.01640625 0.0171875 0.0296875
2 0.3328125 0.0765625 0.04765625 0.153125
2 0.1703125 0.3796875 0.07734375 0.26171875
2 0.0171875 0.3125 0.03359375 0.31796875
2 0.4703125 0.16796875 0.04765625 0.21328125
1 0.4046875 0.471875 0.02109375 0.03671875
1 0.334375 0.11953125 0.0140625 0.0234375
1 0.1453125 0.15234375 0.025 0.03359375
1 0.36484375 0.01015625 0.0125 0.0203125
1 0.228125 0.01328125 0.0109375 0.01484375