2 0.70859375 0.18671875 0.11640625 0.278125
2 0.69296875 0.5484375 0.08515625 0.3984375
2 0.15703125 0.7484375 0.09375 0.41171875
2 0.340625 0.509375 0.09765625 0.39140625
2 0.2953125 0.23203125 0.06015625 0.31015625
2 0.1109375 0.43984375 0.0921875 0.353125
0 0.6921875 0.365625 0.0265625 0.04140625
0 0.33359375 0.33046875 0.0265625 0.03828125
0 0.7078125 0.06953125 0.02109375 0.0296875
0 0.1453125 0.5734375 0.0265625 0.053125
0 0.2875 0.10234375 0.0203125 0.04140625
1 0.70078125 0.621875 0.0265625 0.04140625
0 0.1125 0.29765625 0.025 0.05703125
1 0.28671875 0.2859375 0.02109375 0.0296875
1 0.14296875 0.8359375 0.0296875 0.05
0 0.1390625 0.54296875 0.02890625 0.06015625
1 0.1078125 0.52265625 0.02265625 0.03359375
0 0.15078125 0.95390625 0.0453125 0.08515625
1 0.11953125 0.18515625 0.025 0.03359375
1 0.33671875 0.634375 0.025 0.0453125