2 0.346875 0.83125 0.115625 0.3375
2 0.36328125 0.5484375 0.08515625 0.39140625
2 0.2640625 0.3796875 0.07890625 0.328125
2 0.21640625 0.30859375 0.0609375 0.31484375
1 0.2921875 0.86484375 0.03125 0.05
1 0.3515625 0.62265625 0.0265625 0.03984375
1 0.25390625 0.43515625 0.02109375 0.0296875
1 0.2171875 0.39296875 0.0203125 0.0296875
0 0.215625 0.175 0.0203125 0.04296875
0 0.2578125 0.2375 0.0203125 0.04296875
0 0.3328125 0.3046875 0.02265625 0.03984375
0 0.35703125 0.3796875 0.025 0.0453125
1 0.215625 0.090625 0.01484375 0.021875
0 0.3390625 0.70078125 0.03359375 0.06015625
0 0.28125 0.559375 0.03359375 0.06171875
0 0.29921875 0.5625 0.02109375 0.06015625
2 0.29765625 0.74609375 0.0921875 0.4265625
2 0.21328125 0.08203125 0.04375 0.1515625