2 0.08984375 0.81015625 0.1203125 0.3796875
0 0.07265625 0.665625 0.0375 0.0765625
2 0.2421875 0.83671875 0.1046875 0.3265625
2 0.3046875 0.75625 0.125 0.4875
2 0.1328125 0.6375 0.1015625 0.41640625
2 0.23671875 0.3515625 0.0875 0.3265625
2 0.3375 0.32578125 0.0859375 0.34140625
2 0.45078125 0.32265625 0.07265625 0.31640625
2 0.5484375 0.3125 0.08359375 0.3265625
2 0.11796875 0.38203125 0.09140625 0.3296875
2 0.15859375 0.34140625 0.0765625 0.33828125
1 0.15234375 0.3984375 0.0203125 0.03359375
1 0.07890625 0.99140625 0.0328125 0.01640625
1 0.33515625 0.39609375 0.02265625 0.028125
1 0.4546875 0.4125 0.02265625 0.03515625
1 0.53828125 0.3765625 0.02109375 0.03671875
1 0.1265625 0.7015625 0.02890625 0.03984375
0 0.665625 0.83671875 0.04375 0.08671875
0 0.4421875 0.19140625 0.0234375 0.04140625
0 0.325 0.184375 0.0203125 0.0484375
0 0.2265625 0.2140625 0.0203125 0.04296875
0 0.1453125 0.20078125 0.02265625 0.0484375
0 0.1 0.24765625 0.0265625 0.03671875
0 0.11328125 0.2359375 0.0171875 0.028125
0 0.1171875 0.4625 0.0328125 0.05
0 0.27578125 0.553125 0.0359375 0.046875
0 0.2921875 0.546875 0.02890625 0.053125
0 0.24296875 0.38828125 0.02890625 0.0515625