2 0.12890625 0.78359375 0.1140625 0.4328125
0 0.11953125 0.60703125 0.03125 0.06171875
1 0.11875 0.896875 0.03125 0.0515625
0 0.1109375 0.98046875 0.0390625 0.03828125
2 0.3265625 0.7015625 0.11875 0.48359375
0 0.31796875 0.490625 0.0296875 0.05703125
1 0.31796875 0.82578125 0.02890625 0.0515625
2 0.15390625 0.60859375 0.0921875 0.3703125
0 0.1359375 0.45546875 0.0296875 0.0546875
0 0.14140625 0.5078125 0.0359375 0.053125
2 0.14921875 0.3484375 0.07109375 0.321875
0 0.140625 0.2125 0.025 0.0453125
1 0.15625 0.45234375 0.02109375 0.03671875
2 0.2078125 0.45859375 0.08984375 0.38828125
1 0.19609375 0.5390625 0.025 0.046875
2 0.325 0.4421875 0.09140625 0.2515625
0 0.31796875 0.34296875 0.0265625 0.0484375
2 0.47734375 0.571875 0.0953125 0.45703125
0 0.46953125 0.38359375 0.03359375 0.0703125
1 0.48046875 0.6609375 0.0265625 0.0453125
2 0.29765625 0.33046875 0.06484375 0.31484375
0 0.28984375 0.19609375 0.01875 0.04140625
1 0.29765625 0.3921875 0.0203125 0.0296875
2 0.34921875 0.2640625 0.0703125 0.2953125
0 0.3453125 0.140625 0.0234375 0.0453125
1 0.34296875 0.31640625 0.01875 0.0296875
2 0.38203125 0.35703125 0.0703125 0.31640625
0 0.3796875 0.21953125 0.02265625 0.03203125
1 0.37890625 0.40703125 0.02265625 0.03515625
2 0.521875 0.37109375 0.07890625 0.35
0 0.5140625 0.2203125 0.0265625 0.0453125
1 0.5234375 0.440625 0.02109375 0.03671875
2 0.58203125 0.24921875 0.0734375 0.2984375
0 0.5796875 0.12109375 0.0234375 0.03828125
0 0.58046875 0.134375 0.0203125 0.028125
1 0.58515625 0.303125 0.0203125 0.03203125
2 0.50546875 0.17578125 0.05234375 0.19140625
0 0.50234375 0.09765625 0.02265625 0.03828125
2 0.475 0.1875 0.0515625 0.26328125
0 0.471875 0.07578125 0.0171875 0.03359375
1 0.471875 0.265625 0.01640625 0.028125
2 0.41328125 0.11953125 0.05390625 0.21796875
1 0.4125 0.14921875 0.01640625 0.0234375
1 0.3234375 0.109375 0.0421875 0.19296875
1 0.1984375 0.15859375 0.025 0.0453125
1 0.1140625 0.334375 0.02265625 0.03671875
0 0.9015625 0.0875 0.0203125 0.04296875