2 0.1859375 0.6453125 0.1265625 0.4796875
2 0.3765625 0.73203125 0.11015625 0.5
2 0.63828125 0.38515625 0.0890625 0.33515625
2 0.303125 0.30234375 0.0734375 0.325
2 0.71328125 0.2109375 0.1203125 0.29140625
0 0.16796875 0.4734375 0.025 0.0546875
0 0.1921875 0.44453125 0.0328125 0.06796875
1 0.175 0.77578125 0.02734375 0.05
1 0.3640625 0.9296875 0.02890625 0.046875
0 0.371875 0.53828125 0.0359375 0.0703125
0 0.2453125 0.85234375 0.0421875 0.08671875
0 0.3015625 0.1640625 0.0234375 0.03984375
1 0.30078125 0.36171875 0.01875 0.0265625
1 0.6421875 0.45078125 0.02109375 0.03203125
0 0.7109375 0.0921875 0.01875 0.03203125
0 0.6421875 0.23984375 0.0234375 0.04296875
2 0.39609375 0.1078125 0.0703125 0.21484375
2 0.2421875 0.09453125 0.0703125 0.18828125
2 0.29609375 0.128125 0.05625 0.1734375
0 0.29765625 0.07421875 0.0203125 0.03828125
0 0.39453125 0.00703125 0.01640625 0.01328125
1 0.23671875 0.10234375 0.01484375 0.0234375
1 0.39375 0.1640625 0.01640625 0.028125
1 0.35859375 0.0109375 0.0140625 0.021875