2 0.50703125 0.34921875 0.09375 0.3765625
2 0.27109375 0.253125 0.07109375 0.3015625
2 0.390625 0.2625 0.07265625 0.30859375
2 0.5671875 0.17421875 0.075 0.28359375
2 0.1703125 0.2234375 0.06640625 0.28984375
2 0.05 0.5984375 0.0921875 0.38984375
2 0.31953125 0.2078125 0.0609375 0.26640625
0 0.16328125 0.09921875 0.01875 0.03984375
0 0.2625 0.13359375 0.0203125 0.03828125
0 0.3125 0.0921875 0.0203125 0.03984375
0 0.4546875 0.03046875 0.0203125 0.03671875
0 0.46484375 0.0796875 0.01875 0.03828125
0 0.5609375 0.0546875 0.0203125 0.03671875
0 0.3859375 0.13203125 0.025 0.0453125
0 0.29453125 0.79765625 0.04140625 0.075
0 0.4640625 0.740625 0.04375 0.09140625
0 0.22734375 0.33828125 0.02890625 0.05859375
0 0.0359375 0.44453125 0.03359375 0.06796875
1 0.17265625 0.275 0.01640625 0.0265625
1 0.27421875 0.3125 0.0171875 0.028125
1 0.31640625 0.24765625 0.01484375 0.0234375
1 0.3921875 0.30546875 0.0203125 0.0296875
1 0.471875 0.25546875 0.01484375 0.0234375
1 0.50390625 0.41640625 0.0203125 0.03828125
1 0.5703125 0.22265625 0.0171875 0.0234375
1 0.2046875 0.81015625 0.03984375 0.06015625
0 0.0671875 0.91640625 0.04140625 0.0765625
0 0.5 0.20234375 0.0203125 0.046875
0 0.734375 0.07890625 0.02109375 0.04296875
0 0.3671875 0.059375 0.02265625 0.03984375
0 0.2515625 0.03359375 0.01640625 0.028125
0 0.1828125 0.04609375 0.0171875 0.03828125
2 0.30625 0.878125 0.1171875 0.23984375
2 0.4671875 0.84453125 0.12265625 0.30703125
2 0.23046875 0.41328125 0.09140625 0.21015625
2 0.2421875 0.16796875 0.0546875 0.25859375
0 0.62890625 0.946875 0.0390625 0.0703125
2 0.7328125 0.1984375 0.0984375 0.2796875
2 0.4640625 0.19296875 0.07265625 0.278125
0 0.0140625 0.740625 0.02734375 0.09296875