2 0.11015625 0.3796875 0.0859375 0.3453125
2 0.03984375 0.3765625 0.06875 0.35
2 0.17578125 0.39921875 0.07890625 0.3296875
2 0.2421875 0.38515625 0.0734375 0.33984375
2 0.28125 0.32578125 0.06484375 0.3203125
2 0.3484375 0.31484375 0.075 0.33359375
2 0.40703125 0.33359375 0.0734375 0.33515625
2 0.53828125 0.3421875 0.075 0.33671875
2 0.16875 0.78359375 0.11484375 0.4265625
0 0.03828125 0.22890625 0.0234375 0.0484375
0 0.1015625 0.22734375 0.02109375 0.03515625
0 0.11484375 0.22578125 0.01875 0.03203125
0 0.17421875 0.2515625 0.02265625 0.028125
0 0.24375 0.23359375 0.0203125 0.0296875
0 0.2765625 0.1890625 0.0203125 0.03828125
0 0.3453125 0.1703125 0.02265625 0.03828125
0 0.4 0.20390625 0.025 0.03515625
0 0.40390625 0.18359375 0.02109375 0.0265625
0 0.1765625 0.61015625 0.0328125 0.05859375
0 0.159375 0.6125 0.0265625 0.0703125
0 0.0046875 0.26015625 0.009375 0.0359375
0 0.1953125 0.203125 0.0203125 0.03828125
0 0.0234375 0.18984375 0.0171875 0.03203125
0 0.115625 0.1890625 0.0203125 0.03203125
0 0.53984375 0.2 0.02109375 0.04296875
1 0.0359375 0.4390625 0.02265625 0.03203125
1 0.0984375 0.465625 0.02265625 0.03359375
1 0.16640625 0.4765625 0.02109375 0.03515625
1 0.2359375 0.45 0.02265625 0.03515625
1 0.27265625 0.40078125 0.02109375 0.03359375
1 0.34375 0.3625 0.0203125 0.0265625
1 0.39375 0.40078125 0.02109375 0.03671875
1 0.1375 0.98515625 0.02890625 0.0234375
1 0.534375 0.40234375 0.01875 0.028125
0 0.01328125 0.8328125 0.0265625 0.06796875
0 0.0078125 0.965625 0.01484375 0.0546875
2 0.4640625 0.81640625 0.1296875 0.3484375
0 0.46953125 0.68671875 0.04375 0.09296875
0 0.50859375 0.9515625 0.0390625 0.071875
1 0.08828125 0.0421875 0.0125 0.0234375
2 0.0171875 0.41484375 0.034375 0.3453125