2 0.0890625 0.73984375 0.1546875 0.4453125
1 0.0453125 0.875 0.0359375 0.06015625
0 0.08984375 0.559375 0.03984375 0.06640625
2 0.29140625 0.67265625 0.13359375 0.46796875
0 0.3015625 0.47734375 0.03359375 0.06484375
1 0.2625 0.74609375 0.0328125 0.0546875
0 0.23125 0.4 0.0328125 0.05703125
2 0.16640625 0.471875 0.10625 0.4203125
0 0.1765625 0.290625 0.03125 0.0484375
1 0.15078125 0.54453125 0.03125 0.046875
2 0.2890625 0.43046875 0.08984375 0.3515625
1 0.28203125 0.5015625 0.025 0.04140625
2 0.0640625 0.33984375 0.10625 0.36640625
0 0.07421875 0.1875 0.02890625 0.046875
1 0.08359375 0.403125 0.0265625 0.04296875
2 0.1296875 0.3171875 0.0953125 0.3515625
1 0.12421875 0.3765625 0.0234375 0.03671875
0 0.1359375 0.175 0.0265625 0.04140625
0 0.1484375 0.1671875 0.02265625 0.03359375
0 0.1828125 0.12890625 0.0234375 0.05
0 0.209375 0.1875 0.03125 0.0453125
0 0.2609375 0.2125 0.0296875 0.053125
0 0.2640625 0.15 0.0234375 0.04296875
0 0.3046875 0.1875 0.0234375 0.046875
2 0.35625 0.29921875 0.0890625 0.346875
0 0.3640625 0.15546875 0.0234375 0.0453125
1 0.346875 0.3671875 0.02265625 0.03828125
2 0.4015625 0.3953125 0.12109375 0.3703125
0 0.403125 0.246875 0.0234375 0.046875
0 0.4171875 0.2421875 0.0234375 0.0484375
1 0.38046875 0.51328125 0.0234375 0.03671875
2 0.46796875 0.32421875 0.09375 0.3265625
0 0.47421875 0.18828125 0.025 0.03828125
1 0.4625 0.41171875 0.02265625 0.03515625
2 0.57578125 0.32265625 0.0953125 0.3265625
1 0.5578125 0.38046875 0.02109375 0.03515625
2 0.5109375 0.503125 0.10625 0.4015625
1 0.5 0.58046875 0.02734375 0.04140625
0 0.5203125 0.33984375 0.03359375 0.06328125
2 0.675 0.40703125 0.0984375 0.3796875
0 0.690625 0.2546875 0.0296875 0.05
1 0.66875 0.51953125 0.0265625 0.04296875
2 0.79453125 0.72265625 0.16875 0.46484375
0 0.77265625 0.52578125 0.0296875 0.06015625
0 0.8015625 0.53046875 0.0328125 0.05859375
1 0.73984375 0.8078125 0.0296875 0.0515625
2 0.909375 0.575 0.1109375 0.40703125
0 0.90703125 0.40390625 0.02890625 0.0546875
1 0.884375 0.6421875 0.02890625 0.046875
2 0.91640625 0.37265625 0.1265625 0.346875
0 0.915625 0.23046875 0.0296875 0.046875
1 0.9296875 0.4484375 0.0234375 0.03828125
2 0.965625 0.6390625 0.0609375 0.4296875
1 0.9671875 0.77265625 0.025 0.053125
0 0.9921875 0.46953125 0.0078125 0.06640625
2 0.22890625 0.58515625 0.11015625 0.4296875