2 0.4578125 0.3484375 0.0890625 0.34296875
0 0.4484375 0.20546875 0.025 0.03828125
1 0.4640625 0.428125 0.01875 0.03515625
2 0.5578125 0.34453125 0.09140625 0.36484375
1 0.546875 0.39609375 0.02265625 0.03203125
2 0.37265625 0.5296875 0.1046875 0.4
2 0.0859375 0.721875 0.1140625 0.46015625
2 0.225 0.5328125 0.08359375 0.41015625
2 0.60390625 0.79453125 0.1203125 0.4109375
2 0.66796875 0.6015625 0.10234375 0.471875
2 0.13515625 0.57578125 0.0984375 0.39140625
2 0.29765625 0.6375 0.09140625 0.4484375
0 0.11015625 0.41015625 0.025 0.05
0 0.0671875 0.5328125 0.03359375 0.05859375
0 0.11171875 0.2484375 0.025 0.04140625
0 0.15234375 0.19921875 0.0234375 0.0515625
0 0.23515625 0.2 0.01875 0.04140625
0 0.33515625 0.18984375 0.0265625 0.053125
0 0.3609375 0.36328125 0.02734375 0.04140625
0 0.21015625 0.35859375 0.02734375 0.05703125
0 0.1765625 0.29453125 0.02734375 0.0515625
0 0.4171875 0.790625 0.0375 0.0796875
0 0.45859375 0.7875 0.0421875 0.08984375
0 0.44375 0.571875 0.03515625 0.075
0 0.596875 0.6390625 0.0421875 0.0734375
0 0.659375 0.4234375 0.03125 0.078125
1 0.071875 0.840625 0.02734375 0.0484375
1 0.22109375 0.6140625 0.0234375 0.03984375
1 0.2984375 0.7125 0.025 0.03671875
1 0.37734375 0.6734375 0.0234375 0.03828125
1 0.246875 0.38984375 0.01875 0.03203125
0 0.28671875 0.27109375 0.02265625 0.04140625
2 0.95078125 0.60078125 0.0984375 0.41015625
0 0.94921875 0.425 0.0265625 0.0515625
0 0.08515625 0.9375 0.0421875 0.08828125
2 0.46015625 0.728125 0.12890625 0.3953125
1 0.58203125 0.975 0.03515625 0.05
1 0.6640625 0.75234375 0.0296875 0.053125
1 0.9515625 0.71328125 0.02890625 0.0515625
0 0.86328125 0.9453125 0.0546875 0.109375
2 0.1796875 0.4375 0.06875 0.328125
2 0.1203125 0.35546875 0.0640625 0.28671875
2 0.240625 0.31171875 0.0703125 0.26484375
2 0.2890625 0.3859375 0.0703125 0.28203125
2 0.3421875 0.325 0.0765625 0.3203125