2 0.40625 0.1578125 0.0609375 0.26171875
2 0.3921875 0.5796875 0.10859375 0.43203125
2 0.45234375 0.071875 0.0546875 0.13203125
2 0.2203125 0.0484375 0.0671875 0.09140625
2 0.22421875 0.31484375 0.08125 0.346875
1 0.209375 0.3953125 0.0203125 0.03203125
0 0.3921875 0.4046875 0.02890625 0.05703125
2 0.35078125 0.07734375 0.04375 0.14296875
2 0.0328125 0.30859375 0.065625 0.3671875
1 0.01484375 0.36328125 0.01875 0.028125
1 0.4 0.19609375 0.0171875 0.0234375
1 0.3921875 0.6765625 0.0265625 0.03671875
0 0.02578125 0.14609375 0.01875 0.025
0 0.2265625 0.1703125 0.0171875 0.0453125
1 0.346875 0.0953125 0.0140625 0.0203125
1 0.453125 0.09140625 0.01484375 0.01796875
0 0.40546875 0.0375 0.0203125 0.03515625
1 0.24453125 0.01484375 0.0109375 0.021875
0 0.0265625 0.18203125 0.01875 0.04140625
0 0.3921875 0.37734375 0.03125 0.03828125