2 0.06328125 0.82265625 0.08984375 0.3546875
0 0.0703125 0.6765625 0.0375 0.06171875
2 0.13515625 0.84921875 0.11875 0.3015625
0 0.1234375 0.734375 0.0359375 0.0703125
2 0.23125 0.928125 0.1140625 0.14296875
0 0.2140625 0.8890625 0.03359375 0.06640625
2 0.52109375 0.8734375 0.11484375 0.253125
0 0.51953125 0.7890625 0.0390625 0.0796875
2 0.30234375 0.29453125 0.06875 0.29140625
0 0.29453125 0.16953125 0.0234375 0.03984375
1 0.28984375 0.384375 0.02109375 0.03359375
2 0.45625 0.20078125 0.11875 0.271875
0 0.465625 0.0875 0.0234375 0.04296875
0 0.4953125 0.08515625 0.0234375 0.03984375
1 0.50390625 0.24765625 0.01640625 0.0296875
0 0.834375 0.07265625 0.01875 0.03984375
0 0.8734375 0.19609375 0.01875 0.04296875