2 0.3859375 0.7484375 0.1265625 0.503125
2 0.2140625 0.58984375 0.1046875 0.41171875
2 0.4875 0.46640625 0.0859375 0.35703125
2 0.32734375 0.259375 0.0765625 0.3046875
2 0.15703125 0.1921875 0.05234375 0.26796875
2 0.1140625 0.146875 0.0640625 0.24296875
2 0.6078125 0.178125 0.075 0.2796875
0 0.07265625 0.74296875 0.03359375 0.075
0 0.21640625 0.4140625 0.025 0.046875
0 0.1046875 0.04453125 0.0171875 0.03359375
0 0.15625 0.07265625 0.0140625 0.0296875
0 0.22109375 0.0328125 0.0140625 0.028125
0 0.31875 0.12890625 0.0203125 0.0453125
0 0.375 0.5453125 0.03359375 0.075
0 0.48046875 0.3140625 0.0234375 0.046875
0 0.6015625 0.0625 0.01875 0.03828125
0 0.8046875 0.06640625 0.0203125 0.03828125
0 0.90234375 0.06640625 0.0203125 0.04296875
1 0.32734375 0.3109375 0.01875 0.0296875
1 0.20859375 0.70546875 0.02265625 0.03515625
1 0.3796875 0.8546875 0.0265625 0.0453125
1 0.5046875 0.5171875 0.02265625 0.03671875
1 0.109375 0.19296875 0.01484375 0.021875
1 0.1578125 0.2578125 0.01484375 0.025
1 0.21171875 0.346875 0.0171875 0.03203125
2 0.08359375 0.8515625 0.125 0.296875
2 0.47109375 0.14140625 0.06640625 0.253125
2 0.234375 0.134375 0.0578125 0.23515625