2 0.37734375 0.6296875 0.1 0.46171875
2 0.153125 0.33515625 0.06640625 0.33984375
2 0.3046875 0.3078125 0.06640625 0.3296875
2 0.43046875 0.31171875 0.06484375 0.325
2 0.06875 0.6296875 0.09140625 0.41796875
2 0.05 0.440625 0.1 0.36484375
2 0.41796875 0.13515625 0.0859375 0.2703125
2 0.3265625 0.11484375 0.0921875 0.2296875
0 0.36796875 0.4484375 0.025 0.05
0 0.4765625 0.8078125 0.03515625 0.0765625
0 0.38515625 0.4484375 0.02265625 0.06484375
0 0.42734375 0.178125 0.02265625 0.04140625
0 0.0625 0.45 0.02890625 0.05703125
0 0.0375 0.76328125 0.0515625 0.08359375
0 0.15625 0.18984375 0.01875 0.03984375
0 0.3109375 0.1703125 0.0234375 0.053125
0 0.41640625 0.0234375 0.01640625 0.03203125
1 0.29375 0.3734375 0.0203125 0.028125
1 0.4296875 0.371875 0.0203125 0.03203125
1 0.3578125 0.73671875 0.025 0.03984375
1 0.14375 0.39765625 0.01875 0.0265625
0 0.03046875 0.27265625 0.0203125 0.03828125
0 0.32890625 0.346875 0.0203125 0.046875
2 0.0546875 0.853125 0.109375 0.253125