2 0.43203125 0.74765625 0.08984375 0.453125
2 0.14921875 0.6609375 0.08515625 0.4734375
2 0.3671875 0.5671875 0.0890625 0.4
2 0.3703125 0.23828125 0.0609375 0.28515625
2 0.43671875 0.15859375 0.05390625 0.271875
2 0.51171875 0.1140625 0.05390625 0.228125
1 0.1859375 0.1625 0.02265625 0.03984375
1 0.36875 0.34140625 0.0171875 0.028125
1 0.4359375 0.2 0.0171875 0.0265625
1 0.5140625 0.14453125 0.01875 0.028125
1 0.36328125 0.69609375 0.02734375 0.04296875
1 0.4140625 0.82734375 0.02734375 0.0453125
1 0.13671875 0.7359375 0.02734375 0.0484375
1 0.309375 0.03671875 0.0140625 0.021875
1 0.46640625 0.00703125 0.0140625 0.01328125
0 0.36875 0.1171875 0.0203125 0.03671875
0 0.4359375 0.04765625 0.01875 0.04296875
0 0.36328125 0.4015625 0.0296875 0.05703125
0 0.428125 0.5578125 0.0296875 0.06328125
0 0.1421875 0.45859375 0.02890625 0.06171875
0 0.50703125 0.00546875 0.0171875 0.0109375