2 0.33828125 0.76484375 0.10390625 0.4703125
2 0.121875 0.44609375 0.0859375 0.36171875
2 0.2640625 0.55 0.0875 0.4015625
2 0.17421875 0.303125 0.08125 0.31015625
2 0.6078125 0.54609375 0.09765625 0.39296875
2 0.465625 0.4359375 0.1078125 0.36796875
2 0.3265625 0.3484375 0.0828125 0.371875
2 0.5296875 0.20703125 0.07890625 0.296875
2 0.93828125 0.72265625 0.1234375 0.4140625
2 0.2546875 0.159375 0.0546875 0.2265625
2 0.3015625 0.1390625 0.05859375 0.225
0 0.2484375 0.06796875 0.01875 0.03359375
0 0.165625 0.17578125 0.02265625 0.0453125
0 0.2421875 0.2171875 0.0265625 0.04140625
0 0.25078125 0.38671875 0.03125 0.05703125
0 0.32109375 0.19609375 0.02109375 0.046875
0 0.2984375 0.04296875 0.0203125 0.0296875
0 0.41875 0.2046875 0.0203125 0.03984375
0 0.45234375 0.2875 0.02734375 0.053125
0 0.51640625 0.08984375 0.0234375 0.046875
0 0.31953125 0.56953125 0.03359375 0.06640625
0 0.1140625 0.3109375 0.02109375 0.046875
0 0.11015625 0.29453125 0.02109375 0.0453125
1 0.11640625 0.525 0.02265625 0.03203125
1 0.17578125 0.35390625 0.0171875 0.0234375
1 0.2484375 0.62578125 0.0234375 0.03828125
1 0.32578125 0.85390625 0.02890625 0.03984375
1 0.446875 0.509375 0.0203125 0.03203125
1 0.5953125 0.60859375 0.0234375 0.03515625
1 0.365625 0.340625 0.01875 0.028125
0 0.925 0.08828125 0.0234375 0.05
0 0.946875 0.56484375 0.0375 0.08359375
2 0.4234375 0.325 0.06640625 0.28515625
2 0.36171875 0.27734375 0.0671875 0.3015625