2 0.39921875 0.5421875 0.0984375 0.4234375
2 0.18203125 0.61328125 0.1125 0.4484375
2 0.5578125 0.33515625 0.0890625 0.3234375
2 0.6515625 0.38515625 0.08984375 0.3546875
2 0.12890625 0.4359375 0.1015625 0.4015625
2 0.278125 0.2828125 0.07734375 0.30859375
2 0.3515625 0.12265625 0.0625 0.23515625
2 0.17578125 0.17890625 0.07109375 0.2953125
2 0.25859375 0.09453125 0.06484375 0.18203125
0 0.35390625 0.01484375 0.0171875 0.01796875
0 0.2828125 0.15859375 0.0234375 0.0453125
0 0.18046875 0.0609375 0.0171875 0.03515625
0 0.13515625 0.27109375 0.02734375 0.0515625
0 0.1828125 0.42265625 0.0296875 0.0546875
0 0.40234375 0.36484375 0.0265625 0.0546875
0 0.66171875 0.240625 0.02734375 0.0515625
0 0.5640625 0.20234375 0.0234375 0.05
0 0.93671875 0.14453125 0.0203125 0.04296875
0 0.8875 0.26171875 0.01875 0.0296875
1 0.11640625 0.54296875 0.0265625 0.04140625
1 0.1859375 0.71171875 0.02890625 0.0453125
1 0.39296875 0.6578125 0.0265625 0.04140625
1 0.27109375 0.32890625 0.02265625 0.03671875
1 0.16484375 0.22578125 0.0203125 0.0296875
1 0.34296875 0.1875 0.01640625 0.025
1 0.2578125 0.1203125 0.01875 0.0265625
1 0.54609375 0.38984375 0.02109375 0.03671875
1 0.65 0.4734375 0.0234375 0.03984375
1 0.28046875 0.07578125 0.01640625 0.025
1 0.3015625 0.0625 0.01484375 0.025