2 0.39765625 0.50703125 0.0859375 0.38828125
0 0.39140625 0.34296875 0.0328125 0.0515625
1 0.39921875 0.56640625 0.02734375 0.04140625
2 0.49296875 0.40859375 0.09140625 0.36328125
0 0.48984375 0.2546875 0.0328125 0.0515625
1 0.49921875 0.5140625 0.0265625 0.03828125
2 0.55703125 0.3375 0.07890625 0.33359375
0 0.553125 0.2015625 0.02890625 0.06171875
1 0.5671875 0.38828125 0.02265625 0.03984375
2 0.3609375 0.4203125 0.0640625 0.3484375
0 0.359375 0.2734375 0.03125 0.05
1 0.3640625 0.5328125 0.02734375 0.04140625
2 0.30859375 0.35546875 0.0796875 0.3515625
0 0.30234375 0.2125 0.02890625 0.06484375
1 0.3015625 0.40703125 0.0234375 0.04140625
2 0.25859375 0.4671875 0.06484375 0.36171875
0 0.2640625 0.31640625 0.025 0.053125
1 0.25625 0.5453125 0.02734375 0.04140625
2 0.21328125 0.3265625 0.06875 0.36171875
0 0.21171875 0.1765625 0.02265625 0.053125
2 0.16015625 0.39140625 0.0640625 0.346875
1 0.209375 0.40859375 0.02109375 0.03828125
0 0.1640625 0.246875 0.025 0.0515625
1 0.1625 0.44765625 0.0234375 0.03828125
2 0.125 0.47734375 0.08359375 0.38203125
0 0.12421875 0.31328125 0.02890625 0.05
1 0.11953125 0.53671875 0.02734375 0.03984375
2 0.0828125 0.2875 0.07265625 0.325
0 0.0828125 0.1578125 0.025 0.0484375
1 0.08984375 0.33671875 0.0203125 0.03671875
2 0.153125 0.1828125 0.0609375 0.20703125
2 0.45546875 0.103125 0.05859375 0.18515625
1 0.4578125 0.13984375 0.01640625 0.0296875
2 0.528125 0.11796875 0.05390625 0.21328125
1 0.528125 0.13828125 0.01875 0.0234375
2 0.5015625 0.20390625 0.0640625 0.25859375
0 0.49453125 0.10390625 0.01875 0.046875
1 0.5078125 0.265625 0.0203125 0.03828125
1 0.28125 0.1546875 0.025 0.04140625
0 0.81484375 0.0921875 0.01640625 0.03359375
0 0.9015625 0.103125 0.0203125 0.04296875
0 0.0015625 0.13125 0.003125 0.040625
1 0.0046875 0.31015625 0.00859375 0.03359375
2 0.01328125 0.2546875 0.0265625 0.29296875