2 0.59375 0.6734375 0.07734375 0.471875
2 0.29140625 0.2625 0.05625 0.3203125
2 0.39375 0.15078125 0.05390625 0.2703125
2 0.596875 0.37578125 0.0828125 0.3546875
2 0.1734375 0.7859375 0.0984375 0.425
2 0.134375 0.68671875 0.05625 0.421875
2 0.2421875 0.1703125 0.05234375 0.25859375
2 0.1046875 0.56171875 0.08359375 0.3484375
1 0.090625 0.6890625 0.02265625 0.03828125
1 0.1203125 0.77578125 0.025 0.03984375
1 0.1578125 0.92578125 0.0296875 0.046875
1 0.3625 0.60859375 0.0328125 0.05703125
1 0.5796875 0.75546875 0.025 0.03984375
1 0.6078125 0.45078125 0.0203125 0.0296875
1 0.2875 0.328125 0.01484375 0.025
1 0.3953125 0.19453125 0.0171875 0.0265625
1 0.4578125 0.08359375 0.01015625 0.01640625
1 0.2390625 0.2171875 0.0140625 0.0234375
0 0.16328125 0.6125 0.03359375 0.06328125
0 0.5890625 0.22109375 0.02109375 0.04296875
0 0.51953125 0.88046875 0.04140625 0.0796875
0 0.5890625 0.4671875 0.02734375 0.053125
0 0.10703125 0.41015625 0.025 0.053125
0 0.13203125 0.5046875 0.03125 0.05
0 0.284375 0.12421875 0.0125 0.0296875
0 0.396875 0.04765625 0.01875 0.03671875
0 0.3890625 0.03515625 0.0125 0.03359375
0 0.2359375 0.06328125 0.0203125 0.03984375
0 0.0125 0.90859375 0.025 0.1