2 0.2953125 0.7390625 0.1296875 0.48515625
2 0.26796875 0.54453125 0.1109375 0.4265625
2 0.33984375 0.11953125 0.0703125 0.23828125
2 0.434375 0.12890625 0.1 0.2578125
2 0.1921875 0.0984375 0.0671875 0.196875
1 0.24453125 0.6359375 0.02890625 0.0484375
1 0.20078125 0.1046875 0.01484375 0.0234375
1 0.3390625 0.14921875 0.01640625 0.0265625
1 0.4609375 0.1828125 0.0171875 0.025
0 0.3125 0.53671875 0.0328125 0.06328125
0 0.2703125 0.2671875 0.02734375 0.0453125
0 0.44375 0.01171875 0.02265625 0.0234375
0 0.35234375 0.0078125 0.0203125 0.01484375
0 0.9609375 0.12578125 0.02265625 0.03984375