2 0.125 0.35390625 0.08515625 0.346875
2 0.0546875 0.3453125 0.0671875 0.35
2 0.190625 0.378125 0.0765625 0.33203125
2 0.2578125 0.36953125 0.07265625 0.34140625
2 0.296875 0.3125 0.0625 0.321875
2 0.3640625 0.3078125 0.0734375 0.33515625
2 0.421875 0.33046875 0.07265625 0.33671875
2 0.553125 0.35 0.07265625 0.33828125
2 0.17734375 0.76640625 0.1140625 0.43828125
0 0.0546875 0.19765625 0.0234375 0.0484375
0 0.11796875 0.20078125 0.0203125 0.03671875
0 0.13203125 0.2 0.0171875 0.03203125
0 0.19140625 0.2296875 0.02265625 0.0296875
0 0.2609375 0.2171875 0.0203125 0.03203125
0 0.29375 0.1765625 0.01875 0.03828125
0 0.3625 0.1625 0.02109375 0.03828125
0 0.41640625 0.2 0.025 0.03515625
0 0.4203125 0.17890625 0.02109375 0.0265625
0 0.18828125 0.58984375 0.0328125 0.05859375
0 0.171875 0.59140625 0.0265625 0.0703125
0 0.0171875 0.2265625 0.0203125 0.03671875
0 0.2125 0.18515625 0.0203125 0.03984375
0 0.04140625 0.1578125 0.01640625 0.03203125
0 0.13359375 0.16328125 0.01875 0.03203125
0 0.55703125 0.2078125 0.0203125 0.0453125
1 0.05 0.4078125 0.02109375 0.03203125
1 0.1125 0.4390625 0.02109375 0.03359375
1 0.1796875 0.45546875 0.02109375 0.03671875
1 0.25 0.434375 0.02265625 0.03671875
1 0.28671875 0.38828125 0.0203125 0.03359375
1 0.359375 0.3546875 0.02109375 0.028125
1 0.4078125 0.396875 0.0203125 0.03828125
1 0.1453125 0.96484375 0.02890625 0.03203125
1 0.5484375 0.41015625 0.0203125 0.0296875
0 0.01953125 0.8 0.03125 0.06640625
0 0.01328125 0.93359375 0.0171875 0.05703125
2 0.4734375 0.81953125 0.12734375 0.3484375
0 0.4796875 0.68984375 0.0421875 0.09140625
0 0.515625 0.95703125 0.0375 0.0703125
1 0.1078125 0.01484375 0.0125 0.0234375
2 0.025 0.38359375 0.04765625 0.34296875