2 0.3484375 0.74609375 0.1328125 0.5
2 0.3984375 0.5109375 0.0953125 0.3953125
2 0.49140625 0.35078125 0.0734375 0.33671875
2 0.4484375 0.140625 0.0625 0.246875
0 0.3328125 0.5375 0.0296875 0.06640625
0 0.37890625 0.34609375 0.0359375 0.06796875
0 0.47578125 0.2046875 0.0203125 0.04140625
0 0.44375 0.04765625 0.02265625 0.03984375
0 0.378125 0.153125 0.0265625 0.0453125
0 0.3640625 0.01796875 0.0140625 0.0296875
1 0.353125 0.83984375 0.0296875 0.0484375
1 0.39375 0.5765625 0.02265625 0.03671875
1 0.48828125 0.4140625 0.01875 0.03515625
1 0.4484375 0.19296875 0.01484375 0.025
1 0.1359375 0.4265625 0.0359375 0.046875
1 0.2390625 0.1203125 0.0125 0.021875
1 0.3140625 0.1078125 0.0125 0.021875
2 0.38046875 0.253125 0.075 0.278125
2 0.36875 0.0859375 0.05390625 0.16640625
2 0.2359375 0.09296875 0.0484375 0.16015625
2 0.3140625 0.09453125 0.05234375 0.1765625