2 0.51640625 0.6125 0.11640625 0.4484375
2 0.33671875 0.5859375 0.10859375 0.421875
2 0.4640625 0.4375 0.0921875 0.36796875
2 0.1890625 0.45390625 0.08984375 0.3765625
2 0.37734375 0.25859375 0.06875 0.29140625
2 0.3140625 0.340625 0.08125 0.31796875
2 0.1359375 0.2984375 0.0734375 0.33671875
2 0.59921875 0.1703125 0.0859375 0.3
2 0.41171875 0.1984375 0.06640625 0.28203125
2 0.2203125 0.33671875 0.0875 0.3546875
2 0.28125 0.1546875 0.0703125 0.25703125
0 0.1265625 0.15703125 0.01875 0.0453125
0 0.2171875 0.1890625 0.0234375 0.0484375
0 0.1796875 0.2984375 0.02265625 0.0546875
0 0.3078125 0.209375 0.0203125 0.0453125
0 0.32734375 0.4078125 0.03125 0.053125
0 0.37578125 0.13984375 0.02109375 0.03828125
0 0.409375 0.084375 0.01875 0.04296875
0 0.4578125 0.28359375 0.02265625 0.0484375
0 0.50859375 0.41953125 0.0265625 0.0484375
0 0.28125 0.053125 0.01875 0.03828125
0 0.59375 0.046875 0.02265625 0.04140625
1 0.0421875 0.1453125 0.02265625 0.03671875
1 0.1359375 0.35234375 0.01875 0.028125
1 0.1953125 0.5265625 0.0234375 0.03828125
1 0.22265625 0.390625 0.0203125 0.0265625
1 0.30703125 0.40234375 0.0203125 0.03828125
1 0.328125 0.6609375 0.025 0.03984375
1 0.4671875 0.52578125 0.02265625 0.03359375
1 0.384375 0.33671875 0.0203125 0.0265625
1 0.41953125 0.2453125 0.0203125 0.0296875
1 0.28984375 0.2109375 0.0203125 0.028125
1 0.6234375 0.23984375 0.01640625 0.028125
1 0.51953125 0.75234375 0.02734375 0.04140625
1 0.14453125 0.03515625 0.0125 0.021875
0 0.165625 0.71953125 0.04140625 0.0765625
2 0.18203125 0.83828125 0.1265625 0.31796875
2 0.03515625 0.76328125 0.0703125 0.46796875
0 0.89921875 0.04453125 0.01875 0.04140625
2 0.3703125 0.08359375 0.05 0.16640625
2 0.25703125 0.11015625 0.05234375 0.203125