1 0.271875 0.7671875 0.0234375 0.04296875
0 0.278125 0.43046875 0.02265625 0.0515625
0 0.29609375 0.4359375 0.0203125 0.0515625
1 0.21640625 0.4015625 0.0203125 0.03671875
0 0.2265625 0.1734375 0.01875 0.03671875
0 0.3609375 0.27109375 0.02109375 0.0453125
0 0.35078125 0.25078125 0.025 0.04296875
1 0.03359375 0.3390625 0.01875 0.028125
2 0.22578125 0.30703125 0.07109375 0.31796875
2 0.35 0.39296875 0.07890625 0.35
2 0.29765625 0.61484375 0.1 0.43359375
2 0.0453125 0.27734375 0.0765625 0.328125
0 0.0390625 0.1359375 0.0234375 0.03671875
0 0.04140625 0.16328125 0.025 0.03671875
2 0.028125 0.515625 0.05 0.35859375
1 0.38125 0.0171875 0.0125 0.01640625