2 0.0859375 0.80859375 0.12109375 0.38203125
0 0.06953125 0.66484375 0.0375 0.0765625
2 0.2390625 0.8328125 0.10625 0.328125
2 0.3015625 0.7515625 0.12734375 0.48828125
2 0.13046875 0.6359375 0.10234375 0.41796875
2 0.2359375 0.3484375 0.0890625 0.328125
2 0.3359375 0.32109375 0.0875 0.34296875
2 0.44921875 0.315625 0.0734375 0.31796875
2 0.546875 0.30390625 0.08515625 0.328125
2 0.11640625 0.3796875 0.0921875 0.33203125
2 0.1578125 0.3390625 0.07734375 0.33984375
1 0.15078125 0.39609375 0.0203125 0.03359375
1 0.07421875 0.990625 0.0328125 0.01640625
1 0.3328125 0.390625 0.02265625 0.028125
1 0.453125 0.40546875 0.02265625 0.03515625
1 0.5359375 0.36796875 0.02109375 0.03671875
1 0.1234375 0.7 0.02890625 0.03984375
0 0.66171875 0.8265625 0.04375 0.08671875
0 0.44140625 0.18515625 0.0234375 0.04140625
0 0.32421875 0.17890625 0.0203125 0.0484375
0 0.2265625 0.2109375 0.0203125 0.04296875
0 0.14453125 0.1984375 0.02265625 0.0484375
0 0.0984375 0.24609375 0.0265625 0.03671875
0 0.11171875 0.234375 0.0171875 0.028125
0 0.11484375 0.4609375 0.0328125 0.05
0 0.2734375 0.54921875 0.0359375 0.046875
0 0.2890625 0.5421875 0.02890625 0.053125
0 0.24140625 0.384375 0.02890625 0.0515625