2 0.1953125 0.8234375 0.14140625 0.3515625
2 0.46796875 0.09296875 0.0609375 0.1859375
2 0.51328125 0.80546875 0.1328125 0.38203125
2 0.3078125 0.24453125 0.0796875 0.2984375
0 0.49609375 0.66484375 0.03125 0.06328125
2 0.3359375 0.61171875 0.11015625 0.4296875
2 0.37734375 0.1421875 0.06640625 0.2453125
2 0.3234375 0.08359375 0.0546875 0.13828125
0 0.29609375 0.115625 0.01875 0.03671875
0 0.18046875 0.67265625 0.03359375 0.06484375
1 0.11796875 0.55234375 0.0390625 0.0484375
1 0.18125 0.16796875 0.0234375 0.03203125
2 0.42109375 0.040625 0.0484375 0.078125
1 0.4671875 0.10859375 0.01484375 0.021875
1 0.33203125 0.6921875 0.0265625 0.03671875
0 0.3140625 0.42265625 0.02890625 0.046875
1 0.37734375 0.17890625 0.01640625 0.025
0 0.3703125 0.028125 0.02109375 0.03515625
1 0.3078125 0.29140625 0.01875 0.0296875
1 0.3234375 0.090625 0.01484375 0.0234375