2 0.43671875 0.4734375 0.07265625 0.38671875
2 0.1921875 0.68828125 0.0953125 0.4765625
2 0.31328125 0.4375 0.0640625 0.41328125
2 0.11171875 0.1859375 0.0578125 0.28359375
2 0.27421875 0.31640625 0.06015625 0.33984375
0 0.18671875 0.50546875 0.02734375 0.06015625
0 0.30234375 0.2765625 0.02109375 0.05703125
0 0.43203125 0.3234375 0.0265625 0.053125
0 0.27265625 0.184375 0.0234375 0.046875
0 0.1015625 0.06796875 0.0171875 0.03984375
1 0.1828125 0.84921875 0.025 0.05
1 0.3015625 0.51796875 0.0203125 0.03359375
1 0.43828125 0.5609375 0.0203125 0.028125
1 0.1078125 0.240625 0.01484375 0.0203125
1 0.33359375 0.1484375 0.01484375 0.025
1 0.45625 0.12890625 0.0125 0.0203125
1 0.54140625 0.08515625 0.0109375 0.0203125
0 0.90625 0.0625 0.0171875 0.04140625
0 0.8828125 0.1640625 0.01875 0.0484375
2 0.4578125 0.103125 0.05 0.20625
2 0.53515625 0.06484375 0.03984375 0.1296875
2 0.33046875 0.11328125 0.04609375 0.21015625
2 0.29921875 0.0828125 0.0421875 0.16484375
1 0.1265625 0.0515625 0.0140625 0.021875
1 0.24375 0.01953125 0.0125 0.0203125