2 0.190625 0.76328125 0.1203125 0.44140625
0 0.1921875 0.58515625 0.03515625 0.0765625
1 0.1578125 0.9 0.03359375 0.0546875
2 0.15625 0.3515625 0.0828125 0.33359375
0 0.16328125 0.209375 0.0203125 0.03984375
1 0.15 0.428125 0.0203125 0.03515625
0 0.15859375 0.16640625 0.0171875 0.03515625
0 0.21484375 0.30546875 0.0234375 0.05
2 0.2171875 0.459375 0.07109375 0.3546875
1 0.2140625 0.52734375 0.025 0.04296875
2 0.334375 0.475 0.1046875 0.4015625
0 0.3359375 0.30078125 0.025 0.046875
1 0.30390625 0.5765625 0.02265625 0.03828125
0 0.21875 0.23515625 0.0203125 0.03984375
0 0.23203125 0.1546875 0.01875 0.03828125
2 0.259375 0.33984375 0.0578125 0.3234375
0 0.26015625 0.19609375 0.01875 0.03203125
1 0.24609375 0.44609375 0.01875 0.03203125
0 0.3109375 0.16328125 0.02265625 0.03828125
0 0.3140625 0.24296875 0.0234375 0.046875
0 0.35546875 0.21796875 0.0203125 0.03984375
2 0.42578125 0.309375 0.06875 0.303125
0 0.43046875 0.1796875 0.0203125 0.03828125
1 0.42890625 0.37265625 0.0203125 0.03359375
2 0.5046875 0.3078125 0.07265625 0.328125
0 0.50546875 0.165625 0.0234375 0.04140625
1 0.496875 0.3734375 0.0203125 0.03203125
2 0.5859375 0.31796875 0.0671875 0.31796875
0 0.59765625 0.18203125 0.02265625 0.03828125
1 0.5921875 0.39609375 0.0203125 0.03359375
2 0.4765625 0.240625 0.05390625 0.28515625
0 0.4921875 0.1171875 0.02109375 0.03828125
2 0.53671875 0.153125 0.0578125 0.26171875
0 0.5453125 0.04140625 0.0171875 0.03359375
1 0.5421875 0.20546875 0.01640625 0.0265625
2 0.675 0.44609375 0.075 0.353125
0 0.6765625 0.29453125 0.02265625 0.0453125
1 0.66171875 0.53671875 0.02265625 0.03515625
2 0.0296875 0.73984375 0.059375 0.4734375
0 0.009375 0.54453125 0.01875 0.071875
2 0.48359375 0.8546875 0.125 0.26328125
0 0.49921875 0.78359375 0.03984375 0.08828125
0 0.47890625 0.765625 0.03359375 0.0765625