2 0.25546875 0.75078125 0.0921875 0.478125
2 0.334375 0.64921875 0.08125 0.4453125
2 0.4671875 0.31640625 0.0609375 0.3265625
2 0.30625 0.3171875 0.0578125 0.31484375
2 0.3625 0.2234375 0.0609375 0.2703125
1 0.14140625 0.29921875 0.02890625 0.03984375
1 0.3046875 0.3796875 0.0203125 0.03359375
1 0.325 0.7515625 0.0265625 0.03984375
1 0.2625 0.87109375 0.0265625 0.03828125
1 0.4578125 0.421875 0.01875 0.0296875
1 0.3546875 0.29921875 0.01640625 0.025
0 0.2609375 0.55859375 0.03125 0.0703125
0 0.3390625 0.465625 0.0234375 0.05703125
0 0.4578125 0.1921875 0.02109375 0.04140625
0 0.4671875 0.178125 0.01640625 0.05
0 0.44453125 0.01953125 0.01640625 0.03203125
0 0.35703125 0.11484375 0.0203125 0.0453125
0 0.30703125 0.18359375 0.01875 0.03984375
0 0.42734375 0.94609375 0.03984375 0.075
0 0.4515625 0.94296875 0.0265625 0.075
0 0.109375 0.96953125 0.0390625 0.03984375
2 0.28828125 0.1078125 0.0484375 0.21484375
2 0.4859375 0.06171875 0.04375 0.1234375
2 0.4296875 0.1953125 0.06015625 0.28828125
1 0.125 0.02734375 0.0203125 0.03515625
1 0.2859375 0.13359375 0.01640625 0.0265625
2 0.3203125 0.128125 0.04609375 0.221875