1 0.2265625 0.71484375 0.05390625 0.06796875
1 0.50703125 0.62578125 0.025 0.04140625
1 0.6078125 0.5625 0.0265625 0.03671875
0 0.18359375 0.73671875 0.03984375 0.075
0 0.02890625 0.9375 0.04375 0.071875
0 0.59765625 0.71171875 0.03984375 0.0765625
0 0.49296875 0.3515625 0.0296875 0.0515625
2 0.5 0.53359375 0.1125 0.41796875
2 0.60390625 0.4953125 0.1015625 0.38359375
2 0.5546875 0.21640625 0.0671875 0.2734375
0 0.4921875 0.215625 0.02265625 0.03828125
0 0.55078125 0.10546875 0.01875 0.03828125
0 0.6046875 0.334375 0.02265625 0.0484375
0 0.5921875 0.3265625 0.02265625 0.03828125
0 0.47421875 0.03203125 0.01875 0.03359375
0 0.4671875 0.26171875 0.02734375 0.05
2 0.83828125 0.68671875 0.14609375 0.46171875
0 0.8359375 0.48828125 0.03125 0.06328125
1 0.86796875 0.78671875 0.02890625 0.03984375
2 0.5984375 0.828125 0.1359375 0.3046875
2 0.1875 0.84765625 0.16640625 0.2984375
1 0.56015625 0.26953125 0.0171875 0.03359375
2 0.4078125 0.1640625 0.05234375 0.253125
0 0.48125 0.1328125 0.02265625 0.04140625