2 0.43828125 0.63515625 0.0859375 0.38828125
2 0.25859375 0.7125 0.08984375 0.46484375
2 0.1640625 0.64921875 0.07734375 0.46015625
2 0.57109375 0.26640625 0.0671875 0.2953125
2 0.746875 0.24609375 0.07734375 0.2765625
2 0.4046875 0.4140625 0.0578125 0.33828125
2 0.4578125 0.35703125 0.0640625 0.3296875
2 0.04609375 0.53359375 0.07265625 0.4203125
2 0.1203125 0.28828125 0.05390625 0.325
2 0.19609375 0.15546875 0.04765625 0.2515625
0 0.03125 0.37578125 0.0265625 0.04296875
0 0.0515625 0.36015625 0.02109375 0.053125
1 0.0359375 0.60390625 0.02109375 0.03984375
1 0.153125 0.7984375 0.0234375 0.03984375
1 0.2421875 0.821875 0.0234375 0.03984375
0 0.05078125 0.80859375 0.0375 0.08671875
0 0.1671875 0.45234375 0.02734375 0.053125
0 0.2484375 0.52109375 0.0234375 0.04296875
0 0.26015625 0.5125 0.02109375 0.05703125
0 0.43125 0.46640625 0.0234375 0.046875
0 0.4046875 0.26953125 0.02109375 0.03671875
0 0.4546875 0.2171875 0.025 0.0484375
0 0.56796875 0.15703125 0.0140625 0.0265625
0 0.56484375 0.140625 0.0125 0.0265625
1 0.57265625 0.3296875 0.01640625 0.0234375
1 0.4546875 0.42265625 0.01875 0.0265625
1 0.4296875 0.74296875 0.02265625 0.03359375
1 0.11484375 0.3453125 0.0171875 0.0265625
1 0.1875 0.2296875 0.01640625 0.0234375
1 0.2890625 0.3328125 0.0265625 0.04140625
0 0.4484375 0.14140625 0.0171875 0.0296875
0 0.47578125 0.1125 0.0171875 0.03359375
0 0.75390625 0.12890625 0.01875 0.03359375
0 0.1984375 0.05234375 0.02109375 0.03671875
0 0.1234375 0.153125 0.02109375 0.03984375
2 0.2390625 0.4125 0.06875 0.3234375
0 0.23828125 0.278125 0.0265625 0.05
2 0.28515625 0.08359375 0.04609375 0.15
0 0.2828125 0.02421875 0.01640625 0.0296875
2 0.34375 0.08828125 0.0453125 0.15703125
2 0.16875 0.37578125 0.075 0.25859375
2 0.0171875 0.29140625 0.03359375 0.31796875
2 0.47578125 0.19765625 0.0453125 0.21171875
1 0.3984375 0.4921875 0.02109375 0.03671875
1 0.34296875 0.1328125 0.0140625 0.0234375
1 0.153125 0.14609375 0.0234375 0.03203125
1 0.37734375 0.0265625 0.0125 0.0203125
1 0.240625 0.01484375 0.0109375 0.01484375