2 0.221875 0.315625 0.06015625 0.33984375
2 0.1109375 0.32578125 0.075 0.31796875
2 0.27734375 0.346875 0.06875 0.33359375
2 0.3625 0.3515625 0.07265625 0.39296875
2 0.48359375 0.359375 0.0765625 0.3546875
2 0.58203125 0.24765625 0.06640625 0.31171875
2 0.03671875 0.30859375 0.04140625 0.321875
0 0.03671875 0.16328125 0.01640625 0.0296875
0 0.1125 0.18984375 0.025 0.0453125
0 0.03828125 0.13203125 0.02109375 0.03828125
0 0.2234375 0.171875 0.01640625 0.03671875
0 0.2796875 0.1984375 0.0234375 0.04140625
0 0.3546875 0.19296875 0.0171875 0.03984375
0 0.48828125 0.2015625 0.0171875 0.03671875
0 0.58125 0.12734375 0.0171875 0.03828125
0 0.4765625 0.20234375 0.0125 0.03828125
0 0.23359375 0.77890625 0.0328125 0.075
1 0.0328125 0.3390625 0.01640625 0.028125
1 0.1 0.4 0.01640625 0.028125
1 0.21015625 0.40078125 0.0171875 0.028125
1 0.26484375 0.39609375 0.01875 0.0265625
1 0.3515625 0.4 0.01875 0.0296875
1 0.46640625 0.4578125 0.01640625 0.028125
1 0.59296875 0.2984375 0.01484375 0.021875
2 0.2296875 0.86796875 0.14140625 0.26328125