2 0.61875 0.3359375 0.06640625 0.35703125
2 0.3234375 0.49921875 0.08515625 0.396875
2 0.11171875 0.340625 0.06484375 0.3203125
2 0.17578125 0.36953125 0.0578125 0.38671875
2 0.2203125 0.32109375 0.0421875 0.31640625
2 0.2734375 0.35078125 0.0546875 0.33671875
2 0.4109375 0.37109375 0.0625 0.38515625
2 0.48203125 0.35 0.075 0.38515625
2 0.54765625 0.3796875 0.075 0.3734375
0 0.03203125 0.146875 0.02265625 0.03359375
0 0.0328125 0.1828125 0.025 0.046875
0 0.1078125 0.196875 0.02265625 0.05
0 0.17890625 0.21484375 0.0234375 0.0515625
0 0.2203125 0.184375 0.02109375 0.03984375
0 0.27421875 0.2140625 0.0203125 0.03984375
0 0.32265625 0.33046875 0.025 0.0515625
0 0.39765625 0.20234375 0.01875 0.0484375
0 0.346875 0.253125 0.02109375 0.04140625
0 0.3546875 0.1984375 0.0203125 0.06015625
0 0.57265625 0.05546875 0.0203125 0.04140625
0 0.61875 0.184375 0.0171875 0.03359375
0 0.48203125 0.1953125 0.0203125 0.03984375
0 0.54609375 0.2203125 0.02265625 0.046875
0 0.0375 0.84296875 0.04140625 0.0796875
0 0.221875 0.8875 0.0453125 0.0734375
1 0.1 0.409375 0.0203125 0.028125
1 0.17421875 0.47890625 0.0203125 0.03359375
1 0.26171875 0.39921875 0.01875 0.03203125
1 0.3515625 0.4609375 0.0203125 0.0296875
1 0.41171875 0.42578125 0.0171875 0.0265625
1 0.46796875 0.45 0.0171875 0.03203125
1 0.54453125 0.4578125 0.01875 0.0296875
1 0.6140625 0.39140625 0.01640625 0.0296875
1 0.3296875 0.5671875 0.0203125 0.03359375
1 0.2109375 0.40390625 0.0171875 0.028125