2 0.09609375 0.5734375 0.11015625 0.44296875
0 0.0875 0.38671875 0.03515625 0.06171875
1 0.084375 0.66328125 0.0265625 0.03515625
2 0.2203125 0.68671875 0.10390625 0.45859375
0 0.22421875 0.48828125 0.02890625 0.0515625
1 0.1984375 0.76953125 0.02734375 0.04296875
2 0.43359375 0.64296875 0.10234375 0.4515625
0 0.421875 0.44765625 0.03125 0.05703125
1 0.425 0.7265625 0.02734375 0.04140625
2 0.728125 0.75390625 0.11015625 0.48515625
0 0.73359375 0.55078125 0.03515625 0.071875
1 0.74296875 0.86171875 0.02890625 0.0453125
2 0.6046875 0.4984375 0.0890625 0.3703125
0 0.6171875 0.340625 0.025 0.0453125
0 0.596875 0.3328125 0.02109375 0.03203125
1 0.59921875 0.55234375 0.02265625 0.03671875
2 0.67109375 0.3828125 0.0796875 0.3515625
0 0.66328125 0.23515625 0.0234375 0.05
1 0.66796875 0.4734375 0.02109375 0.03671875
2 0.284375 0.496875 0.09765625 0.39296875
0 0.27265625 0.321875 0.0265625 0.03828125
1 0.2828125 0.6265625 0.02265625 0.03828125
2 0.165625 0.48203125 0.07734375 0.38828125
0 0.1640625 0.31484375 0.0265625 0.046875
1 0.1671875 0.5484375 0.0234375 0.04140625
0 0.0265625 0.20390625 0.01875 0.03671875
0 0.02109375 0.1734375 0.0203125 0.04140625
0 0.09765625 0.2171875 0.0234375 0.0515625
0 0.1 0.34140625 0.02734375 0.06484375
0 0.1671875 0.23984375 0.0234375 0.0546875
0 0.2609375 0.22734375 0.02265625 0.05
0 0.27109375 0.27578125 0.0265625 0.05
2 0.3296875 0.38984375 0.075 0.33828125
0 0.33203125 0.24609375 0.0203125 0.046875
1 0.3390625 0.4484375 0.02109375 0.03515625
0 0.34296875 0.19453125 0.02734375 0.06171875
0 0.40078125 0.21328125 0.02734375 0.03984375
2 0.39296875 0.36171875 0.075 0.33828125
1 0.40546875 0.434375 0.0203125 0.03203125
2 0.4640625 0.41171875 0.0765625 0.328125
0 0.46640625 0.26640625 0.0203125 0.03359375
1 0.46171875 0.4875 0.02265625 0.03515625
0 0.47109375 0.1984375 0.0296875 0.03828125
2 0.53125 0.36953125 0.0859375 0.33515625
0 0.5375 0.22265625 0.0234375 0.04140625
1 0.5359375 0.459375 0.0203125 0.03671875
0 0.59765625 0.1890625 0.0203125 0.0484375