2 0.2953125 0.66953125 0.125 0.45703125
2 0.0578125 0.690625 0.10625 0.44296875
2 0.5140625 0.6734375 0.11015625 0.46015625
2 0.74765625 0.58671875 0.1078125 0.4734375
2 0.371875 0.18046875 0.07265625 0.28515625
2 0.2625 0.165625 0.06015625 0.2703125
0 0.03828125 0.51015625 0.0296875 0.05703125
0 0.2765625 0.47734375 0.0296875 0.05
0 0.4921875 0.46328125 0.02734375 0.0546875
1 0.26875 0.753125 0.02734375 0.04140625
1 0.5109375 0.81953125 0.02734375 0.03984375
0 0.31171875 0.1640625 0.02109375 0.0296875
0 0.2578125 0.053125 0.01640625 0.03203125
1 0.26328125 0.209375 0.01484375 0.021875
0 0.3609375 0.0640625 0.0171875 0.03984375
1 0.3703125 0.23515625 0.01640625 0.025
1 0.7703125 0.659375 0.025 0.03671875
0 0.74140625 0.38046875 0.0265625 0.046875
0 0.51796875 0.303125 0.0265625 0.053125
0 0.52421875 0.2375 0.02265625 0.0484375
1 0.13203125 0.37890625 0.02890625 0.04296875
1 0.04921875 0.7671875 0.025 0.03828125
2 0.0171875 0.25 0.03359375 0.29296875
1 0.01015625 0.315625 0.01484375 0.025
2 0.3171875 0.22109375 0.0703125 0.1546875
2 0.52734375 0.471875 0.09609375 0.371875
1 0.5515625 0.4296875 0.0171875 0.03515625
1 0.4140625 0.04609375 0.0125 0.0234375
1 0.3390625 0.63515625 0.03515625 0.05