2 0.53046875 0.35703125 0.0765625 0.36796875
2 0.3515625 0.29609375 0.06640625 0.31015625
2 0.1703125 0.69140625 0.0875 0.478125
2 0.12734375 0.53984375 0.0796875 0.39140625
2 0.1890625 0.371875 0.0703125 0.33515625
2 0.03984375 0.396875 0.07265625 0.3453125
2 0.0984375 0.26640625 0.06484375 0.30859375
2 0.1359375 0.16015625 0.06015625 0.26484375
0 0.5140625 0.75390625 0.03984375 0.11015625
0 0.5328125 0.2109375 0.0265625 0.06171875
0 0.3484375 0.17109375 0.0234375 0.05
0 0.1828125 0.22890625 0.01875 0.0484375
0 0.1671875 0.490625 0.03125 0.0546875
0 0.11875 0.36953125 0.0265625 0.03671875
0 0.02890625 0.24921875 0.02265625 0.0453125
0 0.096875 0.13828125 0.0234375 0.03984375
0 0.0421875 0.66953125 0.0375 0.06171875
0 0.0234375 0.66953125 0.0234375 0.06640625
0 0.69140625 0.0953125 0.02109375 0.03515625
0 0.190625 0.15859375 0.0171875 0.03984375
0 0.128125 0.04921875 0.0203125 0.03515625
1 0.11796875 0.62421875 0.02265625 0.03671875
1 0.15703125 0.8109375 0.0265625 0.0484375
1 0.3453125 0.3515625 0.01875 0.0265625
1 0.1796875 0.47421875 0.0203125 0.03203125
1 0.08828125 0.328125 0.02265625 0.0265625
1 0.540625 0.425 0.01875 0.03515625
1 0.3 0.0375 0.01484375 0.01796875
1 0.7328125 0.25703125 0.0109375 0.03203125
2 0.0546875 0.8171875 0.10625 0.36484375
2 0.51015625 0.8484375 0.125 0.303125
2 0.1984375 0.2546875 0.05859375 0.23515625
2 0.153125 0.1046875 0.0390625 0.19140625
2 0.68046875 0.21484375 0.11640625 0.2765625