2 0.4953125 0.47265625 0.07890625 0.3703125
2 0.39609375 0.35234375 0.07734375 0.3515625
2 0.3265625 0.4671875 0.08125 0.39140625
2 0.59765625 0.41796875 0.09765625 0.3984375
2 0.63203125 0.22890625 0.00234375 0.0015625
2 0.6921875 0.3765625 0.0703125 0.353125
2 0.20546875 0.49140625 0.08515625 0.40703125
2 0.21796875 0.10859375 0.07734375 0.196875
2 0.525 0.834375 0.125 0.3015625
0 0.21953125 0.790625 0.0375 0.08359375
0 0.5359375 0.73203125 0.03125 0.0734375
0 0.5109375 0.71640625 0.0375 0.06328125
0 0.315625 0.3 0.0265625 0.046875
0 0.1890625 0.31953125 0.0234375 0.0515625
0 0.2265625 0.27421875 0.0234375 0.04296875
0 0.2765625 0.22109375 0.02109375 0.04140625
0 0.22890625 0.20703125 0.02265625 0.04140625
0 0.29453125 0.178125 0.0203125 0.04296875
0 0.3859375 0.20859375 0.02890625 0.05703125
0 0.42265625 0.1828125 0.02265625 0.03984375
0 0.4875 0.23515625 0.0265625 0.0515625
0 0.5578125 0.19765625 0.0234375 0.0453125
0 0.58984375 0.24765625 0.0234375 0.0453125
0 0.60703125 0.1625 0.02109375 0.03828125
0 0.6859375 0.225 0.0234375 0.04140625
0 0.4859375 0.30703125 0.0234375 0.04140625
1 0.2015625 0.5734375 0.0234375 0.03671875
1 0.31796875 0.584375 0.0203125 0.03515625
1 0.40078125 0.42578125 0.0203125 0.03671875
1 0.44140625 0.390625 0.0203125 0.03203125
1 0.50625 0.553125 0.0265625 0.03984375
1 0.5921875 0.4828125 0.02265625 0.03515625
1 0.6484375 0.39765625 0.0203125 0.04140625
1 0.6984375 0.44921875 0.02265625 0.04140625
1 0.2734375 0.41953125 0.0171875 0.025
1 0.1484375 0.5078125 0.01875 0.0265625
1 0.0484375 0.865625 0.025 0.03828125
0 0.04140625 0.575 0.03359375 0.06171875
0 0.0703125 0.56015625 0.02734375 0.06015625
0 0.1046875 0.37578125 0.0265625 0.0453125
0 0.075 0.2578125 0.0234375 0.0453125
0 0.1 0.21953125 0.02265625 0.04296875
0 0.1015625 0.3265625 0.0296875 0.0515625
0 0.140625 0.28671875 0.0265625 0.04140625
0 0.1578125 0.22421875 0.025 0.053125
0 0.65625 0.2015625 0.02109375 0.03515625
0 0.09765625 0.79765625 0.02890625 0.0703125
2 0.07578125 0.75 0.12265625 0.4484375
2 0.43828125 0.321875 0.0640625 0.33515625
2 0.15234375 0.425 0.07265625 0.34140625
2 0.1125 0.87421875 0.1265625 0.2484375
2 0.23359375 0.865625 0.13125 0.25703125
2 0.1171875 0.53359375 0.10390625 0.3703125
2 0.2390625 0.42265625 0.075 0.35
2 0.28046875 0.36796875 0.06484375 0.3296875
1 0.2328125 0.11640625 0.01484375 0.028125