2 0.584375 0.28984375 0.09375 0.3453125
2 0.3484375 0.459375 0.0953125 0.3796875
2 0.28125 0.36171875 0.07734375 0.33359375
2 0.2140625 0.62109375 0.1078125 0.45703125
2 0.0859375 0.77578125 0.12265625 0.4484375
2 0.040625 0.54765625 0.07265625 0.371875
2 0.1796875 0.44296875 0.10390625 0.35859375
0 0.01796875 0.3953125 0.02734375 0.05
0 0.0671875 0.590625 0.02890625 0.046875
0 0.17421875 0.29453125 0.025 0.0515625
0 0.20234375 0.43671875 0.03125 0.075
0 0.26953125 0.2234375 0.0234375 0.0484375
0 0.328125 0.31640625 0.02734375 0.0484375
0 0.3390625 0.3 0.02109375 0.05859375
0 0.58046875 0.165625 0.0234375 0.053125
1 0.19140625 0.6796875 0.0234375 0.03671875
1 0.334375 0.540625 0.0203125 0.04296875
1 0.38515625 0.11328125 0.0125 0.021875
1 0.28125 0.4390625 0.02109375 0.03515625
1 0.1703125 0.55234375 0.01875 0.03515625
1 0.02109375 0.63671875 0.0171875 0.03671875
2 0.38671875 0.096875 0.0546875 0.175