2 0.24296875 0.3625 0.075 0.34140625
2 0.3203125 0.2515625 0.06640625 0.3015625
2 0.4984375 0.15078125 0.09140625 0.26640625
2 0.1953125 0.12890625 0.04765625 0.23984375
2 0.275 0.096875 0.05234375 0.19296875
0 0.1109375 0.78203125 0.04140625 0.0703125
0 0.33046875 0.121875 0.01875 0.03515625
0 0.32734375 0.0296875 0.01875 0.03203125
0 0.31875 0.1234375 0.01640625 0.03203125
0 0.49765625 0.03515625 0.02109375 0.03359375
1 0.10859375 0.06171875 0.02265625 0.0265625
1 0.19140625 0.1578125 0.01484375 0.025
1 0.2796875 0.13203125 0.0171875 0.0265625
1 0.31796875 0.303125 0.01875 0.0296875
1 0.24140625 0.41015625 0.02109375 0.03359375
1 0.525 0.21484375 0.01640625 0.0234375
1 0.3828125 0.00703125 0.0125 0.01328125
1 0.30703125 0.06015625 0.0125 0.0203125
1 0.78359375 0.240625 0.0125 0.025
0 0.92578125 0.0796875 0.01875 0.03359375
2 0.1171875 0.87265625 0.11484375 0.2546875