2 0.3421875 0.7703125 0.125 0.459375
2 0.28984375 0.596875 0.1078125 0.4296875
2 0.3046875 0.153125 0.06875 0.26015625
2 0.40078125 0.153125 0.09765625 0.275
2 0.15546875 0.14921875 0.06640625 0.23203125
1 0.278125 0.68984375 0.02734375 0.05
1 0.165625 0.17109375 0.01484375 0.0234375
1 0.30859375 0.19453125 0.01640625 0.0265625
1 0.43359375 0.209375 0.0171875 0.025
1 0.1671875 0.05703125 0.0140625 0.0203125
1 0.209375 0.03828125 0.0140625 0.01328125
0 0.3328125 0.58203125 0.03125 0.06484375
0 0.25625 0.321875 0.0265625 0.0453125
0 0.39375 0.0375 0.02265625 0.03359375
0 0.3015625 0.04453125 0.0203125 0.03203125
0 0.9203125 0.07890625 0.02109375 0.03984375