2 0.47890625 0.603125 0.08515625 0.4453125
2 0.2875 0.615625 0.09375 0.4546875
2 0.38203125 0.34140625 0.07265625 0.321875
2 0.15390625 0.525 0.0859375 0.41171875
2 0.0390625 0.6171875 0.078125 0.4625
2 0.44375 0.115625 0.059375 0.23125
2 0.0828125 0.3046875 0.0671875 0.31484375
2 0.1390625 0.06640625 0.04375 0.1328125
2 0.0546875 0.15234375 0.05625 0.2546875
0 0.146875 0.3515625 0.02734375 0.053125
0 0.28046875 0.41953125 0.02890625 0.053125
0 0.484375 0.41796875 0.02734375 0.06328125
0 0.51171875 0.85703125 0.0359375 0.0703125
0 0.278125 0.2703125 0.02265625 0.03359375
0 0.0578125 0.0484375 0.01875 0.03984375
0 0.03359375 0.42109375 0.025 0.05859375
0 0.11953125 0.2640625 0.0234375 0.03828125
0 0.00625 0.253125 0.0125 0.03984375
1 0.2671875 0.7171875 0.0234375 0.03984375
1 0.0296875 0.71015625 0.025 0.04296875
1 0.1390625 0.6109375 0.0234375 0.03828125
1 0.1109375 0.4953125 0.02109375 0.03828125
1 0.0796875 0.36953125 0.02109375 0.03671875
1 0.37890625 0.39765625 0.0203125 0.03203125
1 0.4828125 0.66953125 0.025 0.03671875
1 0.44453125 0.14609375 0.01484375 0.0203125
1 0.22265625 0.13828125 0.02265625 0.03515625
1 0.13671875 0.0734375 0.01484375 0.0203125
1 0.0828125 0.0359375 0.01484375 0.0234375
1 0.05625 0.20390625 0.0171875 0.025
1 0.3421875 0.02421875 0.01875 0.0296875
2 0.0203125 0.403125 0.040625 0.346875
2 0.0453125 0.0796875 0.0375 0.159375
2 0.11796875 0.425 0.05390625 0.36015625
2 0.2796875 0.378125 0.07734375 0.25859375