2 0.6734375 0.5234375 0.08515625 0.38828125
2 0.07421875 0.65703125 0.1015625 0.45703125
2 0.1921875 0.5296875 0.08515625 0.41015625
2 0.29296875 0.80078125 0.1046875 0.38359375
2 0.52578125 0.78125 0.0984375 0.4375
2 0.4453125 0.5859375 0.08515625 0.41015625
2 0.7640625 0.2671875 0.0890625 0.303125
2 0.290625 0.44140625 0.08359375 0.33828125
2 0.18671875 0.14765625 0.0578125 0.2546875
2 0.2828125 0.1515625 0.05234375 0.271875
2 0.49609375 0.24765625 0.05859375 0.278125
2 0.6796875 0.18984375 0.07890625 0.2703125
2 0.0296875 0.5359375 0.05859375 0.41171875
0 0.0265625 0.36328125 0.02890625 0.06015625
0 0.0828125 0.46015625 0.0359375 0.06484375
0 0.190625 0.35859375 0.03515625 0.053125
0 0.1859375 0.03984375 0.0171875 0.0453125
0 0.2203125 0.2375 0.0234375 0.0453125
0 0.29453125 0.29453125 0.02109375 0.04140625
0 0.3296875 0.17890625 0.0265625 0.03515625
0 0.29375 0.63984375 0.0328125 0.071875
0 0.33359375 0.49296875 0.03125 0.05703125
0 0.44765625 0.40859375 0.02890625 0.06796875
0 0.528125 0.60234375 0.03359375 0.0703125
0 0.6765625 0.365625 0.03125 0.06328125
0 0.6265625 0.2609375 0.0203125 0.046875
0 0.55625 0.34765625 0.02890625 0.06015625
0 0.3578125 0.140625 0.02734375 0.03984375
0 0.43359375 0.225 0.025 0.0484375
0 0.43671875 0.1484375 0.0234375 0.03984375
0 0.4984375 0.125 0.02109375 0.03359375
0 0.5625 0.07734375 0.01875 0.0265625
0 0.60859375 0.02734375 0.01484375 0.0296875
0 0.68046875 0.0734375 0.01640625 0.03984375
0 0.7703125 0.1453125 0.01875 0.04296875
0 0.4625 0.75703125 0.03984375 0.071875
0 0.19375 0.80703125 0.0421875 0.08515625
0 0.09375 0.3 0.0203125 0.04140625
1 0.0109375 0.60859375 0.02109375 0.046875
1 0.05390625 0.753125 0.025 0.04140625
1 0.18671875 0.62265625 0.0234375 0.046875
1 0.28984375 0.5171875 0.02109375 0.03359375
1 0.28515625 0.9734375 0.02890625 0.03671875
1 0.51875 0.8953125 0.02890625 0.0515625
1 0.4296875 0.66015625 0.025 0.0484375
1 0.67890625 0.590625 0.0203125 0.03203125
1 0.6265625 0.478125 0.02109375 0.03671875
1 0.54921875 0.5828125 0.01875 0.03203125
1 0.49765625 0.3375 0.0171875 0.03203125
1 0.35390625 0.3234375 0.0171875 0.028125
1 0.328125 0.384375 0.01875 0.03359375
1 0.32734375 0.13515625 0.0125 0.01796875
1 0.28125 0.20078125 0.01484375 0.025
0 0.28671875 0.0390625 0.01484375 0.03203125
0 0.4203125 0.02265625 0.01875 0.0296875
0 0.3984375 0.03671875 0.0171875 0.03203125
1 0.41484375 0.153125 0.0140625 0.025
1 0.69375 0.26484375 0.01640625 0.025
1 0.7859375 0.325 0.0171875 0.0265625
1 0.18671875 0.20234375 0.0171875 0.0265625
1 0.13359375 0.12578125 0.0125 0.025
1 0.246875 0.1640625 0.0125 0.025
2 0.61953125 0.41796875 0.0796875 0.36328125
2 0.40234375 0.4859375 0.07109375 0.38515625
0 0.415625 0.32265625 0.025 0.0515625
2 0.60546875 0.13359375 0.0640625 0.24296875
2 0.1875 0.8765625 0.1359375 0.2234375
2 0.5484375 0.49453125 0.08984375 0.3546875
2 0.54140625 0.296875 0.06484375 0.20859375
2 0.55859375 0.17734375 0.05625 0.23203125
2 0.35859375 0.25390625 0.0546875 0.26640625
2 0.33203125 0.31171875 0.07890625 0.3046875
2 0.1328125 0.10546875 0.05625 0.2109375
2 0.3265625 0.08984375 0.0453125 0.1796875