2 0.175 0.7078125 0.1265625 0.48515625
0 0.1859375 0.496875 0.03515625 0.0546875
1 0.153125 0.83046875 0.0328125 0.05703125
1 0.334375 0.4671875 0.0359375 0.06171875
2 0.22265625 0.23359375 0.0859375 0.31796875
1 0.2140625 0.28984375 0.02109375 0.03359375
2 0.32734375 0.09609375 0.06484375 0.19140625
1 0.32421875 0.115625 0.01640625 0.0265625
0 0.22890625 0.09921875 0.0234375 0.0484375
2 0.453125 0.09765625 0.0640625 0.1953125
1 0.453125 0.11640625 0.01484375 0.025
1 0.4984375 0.0203125 0.0125 0.021875
2 0.6171875 0.26015625 0.0875 0.296875
0 0.62890625 0.13515625 0.02265625 0.03671875
1 0.60625 0.3078125 0.0203125 0.03515625
0 0.8109375 0.115625 0.01875 0.03515625
0 0.875 0.08203125 0.01875 0.03203125
1 0.09921875 0.065625 0.0234375 0.03671875