2 0.4625 0.6375 0.09609375 0.39296875
2 0.2890625 0.7234375 0.1015625 0.46796875
2 0.18984375 0.6640625 0.08984375 0.46484375
2 0.5734375 0.26328125 0.075 0.2984375
2 0.746875 0.234375 0.08515625 0.2796875
2 0.41640625 0.41796875 0.06640625 0.34140625
2 0.46640625 0.35859375 0.07109375 0.33203125
2 0.06640625 0.55390625 0.08359375 0.4234375
2 0.12421875 0.3046875 0.0609375 0.3265625
2 0.19296875 0.1703125 0.0546875 0.253125
0 0.04140625 0.39765625 0.0265625 0.04296875
0 0.0609375 0.38046875 0.0234375 0.0546875
1 0.06015625 0.625 0.02265625 0.03984375
1 0.1890625 0.8140625 0.025 0.04140625
1 0.2796875 0.8328125 0.025 0.04140625
0 0.0875 0.82890625 0.03984375 0.08828125
0 0.18125 0.4671875 0.02890625 0.05703125
0 0.2671875 0.5328125 0.025 0.04296875
0 0.27734375 0.5234375 0.0234375 0.05859375
0 0.44609375 0.46953125 0.0234375 0.0484375
0 0.40703125 0.2734375 0.02109375 0.03828125
0 0.4546875 0.2203125 0.0265625 0.05
0 0.5640625 0.153125 0.01484375 0.028125
0 0.55859375 0.13828125 0.0140625 0.0265625
1 0.57890625 0.32578125 0.01640625 0.0234375
1 0.465625 0.42421875 0.0203125 0.028125
1 0.4609375 0.746875 0.0234375 0.03515625
1 0.1234375 0.36171875 0.0171875 0.0265625
1 0.1890625 0.24453125 0.01640625 0.0234375
1 0.2953125 0.3421875 0.02734375 0.04296875
0 0.44375 0.14296875 0.0171875 0.03203125
0 0.46875 0.11328125 0.0171875 0.03359375
0 0.746875 0.1171875 0.0203125 0.03359375
0 0.1890625 0.06640625 0.02109375 0.03828125
0 0.1203125 0.1703125 0.02109375 0.04140625
2 0.25078125 0.42421875 0.07890625 0.3265625
0 0.2421875 0.290625 0.02734375 0.05
2 0.2765625 0.0921875 0.05 0.1515625
0 0.27109375 0.03359375 0.0171875 0.0296875
2 0.33515625 0.0953125 0.0484375 0.15859375
2 0.17890625 0.38984375 0.08125 0.26171875
2 0.0234375 0.3140625 0.03984375 0.31796875
2 0.4734375 0.1984375 0.05 0.21328125
1 0.41484375 0.496875 0.02265625 0.03671875
1 0.3375 0.1390625 0.0140625 0.0234375
1 0.1484375 0.1609375 0.025 0.03359375
1 0.365625 0.0328125 0.0125 0.021875
1 0.22890625 0.0265625 0.0109375 0.01484375