2 0.265625 0.74453125 0.11875 0.46484375
2 0.16015625 0.64296875 0.1125 0.421875
2 0.74375 0.63671875 0.1171875 0.478125
2 0.29375 0.234375 0.07734375 0.303125
2 0.2109375 0.33515625 0.0828125 0.34140625
2 0.1390625 0.1984375 0.0671875 0.2796875
2 0.24609375 0.11171875 0.0515625 0.21328125
1 0.1359375 0.23828125 0.01640625 0.0234375
0 0.134375 0.08359375 0.01875 0.03359375
1 0.2390625 0.14765625 0.01484375 0.028125
0 0.2921875 0.11015625 0.0234375 0.0484375
1 0.290625 0.26328125 0.01640625 0.0265625
1 0.2046875 0.403125 0.0171875 0.028125
1 0.1453125 0.76328125 0.0265625 0.03984375
1 0.25546875 0.83515625 0.0296875 0.04140625
0 0.2546875 0.55078125 0.03359375 0.06484375
0 0.05 0.85546875 0.0421875 0.0703125
0 0.1578125 0.4734375 0.03125 0.05859375
0 0.2015625 0.19609375 0.0234375 0.0453125
1 0.74609375 0.73046875 0.02890625 0.04140625
1 0.4265625 0.03671875 0.0109375 0.01796875
2 0.06796875 0.90703125 0.1359375 0.18515625