2 0.284375 0.50859375 0.10859375 0.39140625
2 0.4734375 0.3546875 0.09765625 0.33984375
2 0.053125 0.41328125 0.0921875 0.34140625
2 0.60234375 0.17890625 0.0953125 0.2953125
2 0.8765625 0.775 0.1578125 0.38203125
2 0.31875 0.35234375 0.0984375 0.33203125
2 0.1421875 0.3734375 0.10234375 0.3484375
2 0.1890625 0.2390625 0.08125 0.29140625
2 0.3265625 0.20390625 0.07734375 0.26484375
2 0.41328125 0.25078125 0.08515625 0.30703125
2 0.5171875 0.23203125 0.0828125 0.29296875
2 0.14140625 0.14140625 0.06484375 0.2046875
0 0.8703125 0.62734375 0.03515625 0.06796875
0 0.459375 0.2140625 0.02265625 0.03828125
0 0.5078125 0.10703125 0.02109375 0.03359375
0 0.5921875 0.05859375 0.0265625 0.04296875
0 0.5015625 0.121875 0.01875 0.03828125
0 0.4015625 0.1140625 0.01875 0.0265625
0 0.42734375 0.046875 0.02109375 0.03828125
0 0.3203125 0.0921875 0.02265625 0.03828125
0 0.30390625 0.21171875 0.025 0.04296875
0 0.27265625 0.33515625 0.0234375 0.03359375
0 0.16953125 0.1234375 0.02265625 0.03828125
0 0.13125 0.228125 0.02265625 0.0453125
0 0.115625 0.23828125 0.025 0.03203125
0 0.04453125 0.2671875 0.02265625 0.04296875
0 0.21015625 0.04296875 0.01875 0.025
0 0.8359375 0.040625 0.0234375 0.03671875
0 0.8921875 0.04453125 0.02734375 0.04296875
1 0.05234375 0.4765625 0.02265625 0.03359375
1 0.0796875 0.32421875 0.0203125 0.03828125
1 0.1453125 0.45234375 0.02265625 0.03359375
1 0.1890625 0.328125 0.0203125 0.0296875
1 0.14609375 0.165625 0.0171875 0.025
1 0.0578125 0.15078125 0.01640625 0.0234375
1 0.3265625 0.24765625 0.01875 0.028125
1 0.31875 0.41171875 0.01875 0.0296875
1 0.2984375 0.5890625 0.025 0.03984375
1 0.47265625 0.4046875 0.02265625 0.0296875
1 0.42109375 0.29140625 0.01875 0.028125
1 0.521875 0.284375 0.01875 0.028125
1 0.625 0.24921875 0.01875 0.028125
1 0.775 0.2140625 0.0140625 0.028125
1 0.93046875 0.91796875 0.03515625 0.053125
0 0.0640625 0.896875 0.04375 0.06015625
2 0.0546875 0.1234375 0.04609375 0.1484375
2 0.0796875 0.27109375 0.0765625 0.275