2 0.12890625 0.73359375 0.1171875 0.48359375
2 0.1625 0.45234375 0.08984375 0.36796875
2 0.39140625 0.77734375 0.1265625 0.41171875
2 0.26171875 0.375 0.09375 0.371875
2 0.2703125 0.11953125 0.05859375 0.23828125
0 0.12890625 0.53046875 0.03515625 0.0703125
0 0.1609375 0.29921875 0.02890625 0.0515625
0 0.26796875 0.23203125 0.0296875 0.046875
0 0.2765625 0.021875 0.02265625 0.04296875
0 0.38984375 0.62890625 0.03125 0.075
0 0.9328125 0.0765625 0.01875 0.0453125
0 0.8984375 0.18203125 0.01875 0.03515625
0 0.87421875 0.76796875 0.0359375 0.08359375
1 0.1046875 0.8890625 0.0296875 0.0546875
1 0.3609375 0.94765625 0.02890625 0.053125
1 0.425 0.08359375 0.0140625 0.0234375
2 0.85390625 0.84296875 0.12265625 0.2515625
2 0.421875 0.08203125 0.05390625 0.16328125
1 0.2578125 0.425 0.02265625 0.03828125
1 0.1484375 0.5484375 0.0203125 0.04296875