1 0.0734375 0.0890625 0.02109375 0.03203125
1 0.2078125 0.33828125 0.0265625 0.046875
1 0.2046875 0.08046875 0.0140625 0.025
1 0.325 0.2296875 0.01875 0.028125
2 0.090625 0.75234375 0.1171875 0.4796875
1 0.084375 0.86796875 0.03125 0.0515625
0 0.0859375 0.55078125 0.0328125 0.06484375
0 0.1015625 0.5609375 0.0203125 0.06328125
2 0.1953125 0.64765625 0.09609375 0.44140625
0 0.18828125 0.45859375 0.02890625 0.0515625
1 0.1765625 0.72109375 0.025 0.0453125
2 0.3125 0.47421875 0.07890625 0.3984375
0 0.309375 0.31015625 0.03125 0.06484375
1 0.30234375 0.5375 0.0265625 0.03984375
2 0.4234375 0.8359375 0.1140625 0.328125
2 0.45234375 0.5453125 0.0984375 0.44140625
0 0.44453125 0.3578125 0.02890625 0.06328125
1 0.4421875 0.62421875 0.0265625 0.0484375
0 0.4234375 0.7109375 0.04140625 0.06328125
2 0.3234375 0.1625 0.07109375 0.275
2 0.38671875 0.26328125 0.0671875 0.2796875
0 0.3875 0.1515625 0.01875 0.0453125
2 0.465625 0.271875 0.07265625 0.296875
0 0.46640625 0.14765625 0.01875 0.04140625
1 0.46875 0.31640625 0.01640625 0.0265625
1 0.284375 0.04140625 0.0125 0.01640625
1 0.2296875 0.015625 0.01015625 0.01640625
2 0.55859375 0.48359375 0.0875 0.371875
0 0.5546875 0.325 0.0234375 0.046875
1 0.55 0.54609375 0.02265625 0.03984375
1 0.3453125 0.0359375 0.0078125 0.01640625
1 0.3609375 0.0671875 0.0125 0.01484375
0 0.834375 0.1125 0.01875 0.03671875
0 0.8859375 0.115625 0.0203125 0.03203125
2 0.3953125 0.43828125 0.0734375 0.36015625
1 0.39609375 0.5015625 0.02265625 0.03359375
0 0.3921875 0.28203125 0.0078125 0.03828125
2 0.20546875 0.08046875 0.04609375 0.15859375