2 0.5328125 0.640625 0.1296875 0.4515625
2 0.35234375 0.6125 0.12109375 0.4265625
2 0.471875 0.4640625 0.10390625 0.3734375
2 0.19765625 0.478125 0.1015625 0.3796875
2 0.37734375 0.28515625 0.07734375 0.29296875
2 0.3171875 0.36640625 0.09140625 0.321875
2 0.13828125 0.32265625 0.08515625 0.33828125
2 0.5953125 0.1984375 0.0953125 0.303125
2 0.40859375 0.225 0.075 0.28515625
2 0.22421875 0.3609375 0.1 0.36015625
2 0.2765625 0.1796875 0.07734375 0.25859375
0 0.121875 0.18046875 0.0203125 0.046875
0 0.2140625 0.2140625 0.0265625 0.0484375
0 0.18125 0.3234375 0.025 0.05703125
0 0.30546875 0.23515625 0.02109375 0.0453125
0 0.33515625 0.4328125 0.03359375 0.0546875
0 0.36953125 0.16640625 0.02109375 0.03984375
0 0.40078125 0.11015625 0.0203125 0.04296875
0 0.4578125 0.31015625 0.025 0.05
0 0.51640625 0.44609375 0.02890625 0.0515625
0 0.27109375 0.078125 0.01875 0.03984375
0 0.5828125 0.075 0.0234375 0.04296875
1 0.0359375 0.1671875 0.0234375 0.03671875
1 0.13984375 0.3765625 0.01875 0.0296875
1 0.2078125 0.5515625 0.0234375 0.03984375
1 0.2296875 0.41484375 0.02109375 0.028125
1 0.3140625 0.42734375 0.02109375 0.03828125
1 0.346875 0.68671875 0.0265625 0.04140625
1 0.4796875 0.553125 0.0234375 0.03515625
1 0.38828125 0.36328125 0.0203125 0.028125
1 0.41875 0.271875 0.0203125 0.0296875
1 0.2875 0.23671875 0.02109375 0.0296875
1 0.62265625 0.2671875 0.01640625 0.028125
1 0.54296875 0.78046875 0.02890625 0.0453125
1 0.13359375 0.059375 0.0140625 0.0234375
0 0.1875 0.74453125 0.0421875 0.078125
2 0.21015625 0.85 0.1359375 0.3
2 0.0546875 0.77578125 0.0921875 0.4484375
0 0.8890625 0.07421875 0.0203125 0.04296875
2 0.3609375 0.10859375 0.0546875 0.1703125
2 0.25 0.134375 0.05859375 0.2046875