2 0.0953125 0.62578125 0.0703125 0.38515625
2 0.19921875 0.5359375 0.0703125 0.38515625
2 0.30390625 0.43203125 0.05859375 0.378125
2 0.4 0.3984375 0.06015625 0.33984375
2 0.0484375 0.453125 0.0546875 0.39140625
1 0.0390625 0.53359375 0.02109375 0.03984375
1 0.0859375 0.74609375 0.025 0.03984375
1 0.2875 0.478125 0.01875 0.0296875
1 0.3828125 0.43984375 0.0171875 0.0296875
0 0.09453125 0.24921875 0.0203125 0.03671875
0 0.0484375 0.28984375 0.02734375 0.06328125
0 0.20078125 0.371875 0.02265625 0.0453125
0 0.30546875 0.26796875 0.0203125 0.0453125
0 0.0953125 0.4640625 0.02734375 0.05
0 0.1984375 0.20546875 0.0203125 0.03828125
0 0.28203125 0.19453125 0.0171875 0.03671875
2 0.1453125 0.21015625 0.05234375 0.29140625
0 0.390625 0.23515625 0.0171875 0.028125
0 0.4015625 0.2234375 0.02109375 0.04296875
2 0.4890625 0.23203125 0.07109375 0.28515625
1 0.14296875 0.25234375 0.01875 0.021875
2 0.27265625 0.32109375 0.04765625 0.28671875
2 0.1984375 0.334375 0.0828125 0.29140625
2 0.09375 0.3640625 0.0546875 0.271875