2 0.1875 0.346875 0.0921875 0.38984375
0 0.1796875 0.19609375 0.0234375 0.03671875
1 0.1875 0.39765625 0.0171875 0.03515625
2 0.0578125 0.7890625 0.09609375 0.421875
0 0.0390625 0.62421875 0.0375 0.0734375
1 0.040625 0.97421875 0.03125 0.0515625
2 0.2828125 0.10546875 0.04609375 0.1953125
1 0.28046875 0.11953125 0.0125 0.0203125
2 0.3265625 0.0546875 0.0453125 0.09296875
1 0.3265625 0.0328125 0.0125 0.01640625
1 0.19375 0.03203125 0.01015625 0.01640625
2 0.1984375 0.059375 0.0390625 0.0984375
2 0.3953125 0.05 0.0359375 0.08203125
1 0.3921875 0.015625 0.0109375 0.01484375