2 0.10703125 0.6515625 0.08125 0.38671875
2 0.20546875 0.553125 0.08125 0.38671875
2 0.3046875 0.43984375 0.0703125 0.3796875
2 0.3984375 0.39921875 0.07109375 0.34140625
2 0.05078125 0.484375 0.06640625 0.39140625
1 0.0453125 0.5640625 0.02265625 0.04140625
1 0.1015625 0.77265625 0.0265625 0.04140625
1 0.29140625 0.48828125 0.0203125 0.03203125
1 0.38359375 0.4421875 0.01875 0.03203125
0 0.08671875 0.27578125 0.02109375 0.03671875
0 0.04296875 0.32109375 0.0296875 0.06640625
0 0.1984375 0.3890625 0.0234375 0.046875
0 0.2984375 0.2765625 0.02265625 0.046875
0 0.0984375 0.490625 0.0296875 0.0515625
0 0.1890625 0.22421875 0.02265625 0.03984375
0 0.271875 0.20546875 0.0203125 0.03828125
2 0.1359375 0.2328125 0.0609375 0.29296875
0 0.38203125 0.23671875 0.01875 0.0296875
0 0.3921875 0.225 0.02265625 0.0453125
2 0.4796875 0.22421875 0.0796875 0.28671875
1 0.1359375 0.275 0.0203125 0.0234375
2 0.26796875 0.33203125 0.05625 0.28828125
2 0.1953125 0.3515625 0.09140625 0.296875
2 0.0921875 0.390625 0.0625 0.271875