0 0.159375 0.7546875 0.04140625 0.075
0 0.17265625 0.61015625 0.03515625 0.06328125
0 0.20234375 0.115625 0.0203125 0.03671875
0 0.2734375 0.16171875 0.0203125 0.0453125
0 0.296875 0.0140625 0.02109375 0.028125
0 0.34140625 0.003125 0.0171875 0.00625
0 0.35078125 0.140625 0.0203125 0.04140625
0 0.45 0.20078125 0.02109375 0.03671875
0 0.5953125 0.27421875 0.0296875 0.06484375
0 0.96328125 0.103125 0.0171875 0.0296875
1 0.1953125 0.30546875 0.0171875 0.021875
2 0.19453125 0.25703125 0.0828125 0.36015625
2 0.2640625 0.29453125 0.0796875 0.34140625
2 0.34296875 0.29140625 0.07734375 0.36171875
2 0.2921875 0.109375 0.06015625 0.21796875
2 0.38828125 0.2328125 0.05234375 0.30859375
1 0.38125 0.28828125 0.0171875 0.03203125
1 0.4359375 0.42265625 0.0203125 0.03671875
1 0.57578125 0.503125 0.01875 0.03203125
2 0.4359375 0.359375 0.0859375 0.36640625
2 0.5890625 0.428125 0.1015625 0.38671875
1 0.2671875 0.36171875 0.02109375 0.03515625
1 0.3375 0.13515625 0.0140625 0.0265625
1 0.2953125 0.14765625 0.0171875 0.0296875