2 0.53515625 0.7796875 0.0953125 0.43984375
2 0.4078125 0.57265625 0.0765625 0.4046875
2 0.59609375 0.47109375 0.05859375 0.4
2 0.69765625 0.45078125 0.05859375 0.38203125
2 0.16875 0.62109375 0.07265625 0.46640625
2 0.3265625 0.465625 0.06640625 0.38984375
2 0.2421875 0.42109375 0.0765625 0.35703125
2 0.05234375 0.72890625 0.1015625 0.48671875
2 0.44765625 0.3234375 0.05859375 0.303125
2 0.10390625 0.46171875 0.06640625 0.36328125
0 0.034375 0.51484375 0.02890625 0.05703125
0 0.16171875 0.4203125 0.02734375 0.05
0 0.09453125 0.3015625 0.02265625 0.04296875
0 0.2328125 0.2625 0.0203125 0.0453125
0 0.2859375 0.21953125 0.02109375 0.03671875
0 0.240625 0.19453125 0.02265625 0.0484375
0 0.3078125 0.17734375 0.0203125 0.03671875
0 0.3359375 0.23828125 0.025 0.0484375
0 0.409375 0.215625 0.025 0.0546875
0 0.43515625 0.1953125 0.02109375 0.04296875
0 0.40546875 0.40546875 0.0265625 0.05703125
0 0.53359375 0.58984375 0.0265625 0.06328125
0 0.59140625 0.3 0.02734375 0.053125
0 0.69765625 0.2875 0.025 0.03828125
0 0.66640625 0.2234375 0.0203125 0.03984375
0 0.62265625 0.1984375 0.02265625 0.0484375
0 0.57109375 0.22421875 0.0203125 0.04296875
0 0.58046875 0.0765625 0.01484375 0.0296875
0 0.08828125 0.22734375 0.02109375 0.04296875
0 0.1125 0.1953125 0.01640625 0.03515625
0 0.1671875 0.20390625 0.025 0.04296875
0 0.1515625 0.2640625 0.02109375 0.046875
0 0.3234375 0.296875 0.02265625 0.04296875
1 0.234375 0.47890625 0.02265625 0.03984375
1 0.1546875 0.71796875 0.02265625 0.04140625
1 0.1140625 0.52109375 0.0171875 0.0265625
1 0.0171875 0.8046875 0.02265625 0.0453125
1 0.31640625 0.57578125 0.02265625 0.03984375
1 0.39609375 0.69140625 0.02265625 0.04140625
1 0.44609375 0.40234375 0.0171875 0.0296875
1 0.2765625 0.4171875 0.01484375 0.0265625
0 0.56171875 0.159375 0.0265625 0.03984375
1 0.5875 0.53828125 0.0203125 0.03515625
1 0.6890625 0.51328125 0.02265625 0.03984375
1 0.6484375 0.43203125 0.0203125 0.03359375
1 0.5328125 0.9265625 0.02734375 0.0453125
2 0.5328125 0.31796875 0.04609375 0.303125
2 0.66171875 0.3671875 0.0484375 0.3296875
2 0.15703125 0.35703125 0.0609375 0.2234375
2 0.5828125 0.15859375 0.06640625 0.19296875
2 0.565625 0.35390625 0.0390625 0.30703125
2 0.62109375 0.33671875 0.05234375 0.3203125