2 0.4515625 0.78984375 0.1015625 0.4203125
2 0.2140625 0.58203125 0.09140625 0.421875
2 0.090625 0.62109375 0.1125 0.44140625
2 0.2984375 0.41796875 0.08359375 0.3515625
2 0.15625 0.3453125 0.07890625 0.34296875
2 0.0671875 0.22734375 0.06015625 0.2984375
2 0.6203125 0.22109375 0.0734375 0.30859375
2 0.44296875 0.3984375 0.075 0.3484375
2 0.49296875 0.57890625 0.0875 0.3734375
2 0.38046875 0.121875 0.04375 0.221875
2 0.48671875 0.13359375 0.13359375 0.23984375
0 0.0078125 0.69140625 0.01484375 0.1
0 0.075 0.45234375 0.03125 0.05859375
0 0.0984375 0.434375 0.02734375 0.0546875
0 0.2140625 0.40546875 0.03125 0.05859375
0 0.2984375 0.26796875 0.02890625 0.05703125
0 0.446875 0.6171875 0.02890625 0.06171875
0 0.4796875 0.42890625 0.0265625 0.06171875
0 0.4921875 0.4171875 0.02109375 0.06171875
0 0.62109375 0.0921875 0.025 0.04296875
0 0.32421875 0.16328125 0.02734375 0.0484375
0 0.3828125 0.02734375 0.0140625 0.0296875
0 0.48671875 0.02890625 0.01875 0.028125
0 0.465625 0.09609375 0.02265625 0.04296875
0 0.1515625 0.203125 0.0234375 0.046875
0 0.06640625 0.1015625 0.0203125 0.03984375
0 0.16640625 0.73671875 0.03125 0.053125
1 0.08203125 0.74453125 0.02734375 0.04296875
1 0.06328125 0.2828125 0.01640625 0.025
1 0.1515625 0.4484375 0.01875 0.03203125
1 0.2890625 0.49140625 0.01875 0.03203125
1 0.2140625 0.66640625 0.025 0.0296875
1 0.44375 0.9140625 0.03125 0.046875
1 0.4765625 0.67265625 0.025 0.03984375
1 0.44140625 0.46015625 0.02265625 0.03359375
1 0.37890625 0.18203125 0.01484375 0.021875
1 0.6328125 0.2859375 0.01484375 0.0265625
1 0.3359375 0.05390625 0.0125 0.021875
1 0.271875 0.115625 0.0140625 0.0203125
1 0.21640625 0.03671875 0.0109375 0.01328125
0 0.1765625 0.08515625 0.025 0.0453125
0 0.9203125 0.13359375 0.02109375 0.03828125
0 0.884375 0.23828125 0.0203125 0.03203125
2 0.275 0.10234375 0.05234375 0.18984375
2 0.46328125 0.196875 0.0546875 0.23515625
2 0.31796875 0.278125 0.0640625 0.271875
2 0.17265625 0.175 0.05859375 0.2203125