2 0.1359375 0.646875 0.1578125 0.4546875
2 0.3015625 0.75234375 0.1125 0.4765625
2 0.24296875 0.646875 0.0890625 0.421875
2 0.49140625 0.4515625 0.0765625 0.3703125
2 0.703125 0.42890625 0.07734375 0.36015625
2 0.415625 0.35859375 0.07890625 0.33203125
2 0.340625 0.41171875 0.0859375 0.31171875
0 0.09140625 0.19453125 0.025 0.03828125
0 0.128125 0.1703125 0.0265625 0.04140625
0 0.18125 0.17890625 0.0265625 0.03671875
0 0.1640625 0.24296875 0.025 0.04296875
0 0.121875 0.31640625 0.025 0.053125
0 0.14296875 0.47421875 0.0296875 0.06640625
0 0.1234375 0.3953125 0.0359375 0.06171875
0 0.21640625 0.26484375 0.0265625 0.0484375
0 0.2515625 0.2421875 0.025 0.04140625
0 0.2546875 0.1765625 0.0265625 0.0484375
0 0.29921875 0.20390625 0.0234375 0.03828125
0 0.3234375 0.1625 0.0265625 0.0484375
0 0.3359375 0.28828125 0.025 0.046875
0 0.246875 0.46171875 0.02890625 0.0515625
0 0.2984375 0.5484375 0.03515625 0.06171875
0 0.41484375 0.21015625 0.0234375 0.05
0 0.4515625 0.18984375 0.0234375 0.05
0 0.50625 0.234375 0.0234375 0.0515625
0 0.49140625 0.29140625 0.02734375 0.0515625
0 0.5828125 0.48828125 0.03125 0.05703125
0 0.3546875 0.2296875 0.0234375 0.0453125
0 0.5828125 0.23359375 0.025 0.046875
0 0.61015625 0.2875 0.0265625 0.06484375
0 0.6296875 0.19765625 0.01875 0.04140625
1 0.28515625 0.4 0.01875 0.0265625
1 0.20625 0.51640625 0.02265625 0.03515625
2 0.209375 0.41328125 0.0765625 0.36328125
1 0.4125 0.428125 0.0203125 0.0296875
1 0.3203125 0.56640625 0.01875 0.03359375
1 0.4953125 0.52421875 0.0203125 0.028125
1 0.45390625 0.39765625 0.0171875 0.0296875
1 0.65859375 0.44609375 0.01875 0.03359375
1 0.7015625 0.50078125 0.02265625 0.03671875
0 0.70625 0.27734375 0.0265625 0.04296875
0 0.68046875 0.25 0.02265625 0.03203125
0 0.56796875 0.48515625 0.02109375 0.05859375
0 0.571875 0.71953125 0.04375 0.08984375
0 0.5546875 0.68671875 0.0390625 0.0703125
1 0.2828125 0.8515625 0.0296875 0.03984375
1 0.2390625 0.72265625 0.0265625 0.03984375
2 0.55546875 0.828125 0.15625 0.34296875
2 0.5703125 0.634375 0.10859375 0.36796875
2 0.1609375 0.3796875 0.0640625 0.31640625
2 0.61015625 0.4375 0.0828125 0.36484375
2 0.546875 0.32109375 0.05859375 0.2984375