2 0.78046875 0.6234375 0.11484375 0.453125
2 0.6921875 0.66015625 0.11875 0.44140625
2 0.571875 0.4234375 0.07890625 0.353125
2 0.43046875 0.3296875 0.07109375 0.3515625
2 0.071875 0.4078125 0.07734375 0.38515625
2 0.3109375 0.67421875 0.0984375 0.46796875
2 0.1203125 0.7328125 0.1203125 0.48515625
2 0.2046875 0.43984375 0.075 0.375
2 0.37109375 0.3046875 0.06640625 0.2953125
2 0.2609375 0.5109375 0.0765625 0.41015625
0 0.0734375 0.2390625 0.02265625 0.04296875
0 0.17578125 0.20390625 0.0234375 0.04140625
0 0.12890625 0.53828125 0.0390625 0.075
0 0.11171875 0.521875 0.02890625 0.06015625
0 0.1953125 0.73203125 0.0359375 0.06015625
0 0.30625 0.47578125 0.0375 0.06015625
0 0.4578125 0.678125 0.0421875 0.075
0 0.4921875 0.5203125 0.03125 0.06015625
0 0.36796875 0.1734375 0.0296875 0.06640625
0 0.28125 0.2203125 0.02109375 0.046875
0 0.3359375 0.26484375 0.0234375 0.0484375
0 0.509375 0.37578125 0.02734375 0.046875
0 0.64765625 0.34765625 0.025 0.046875
0 0.68515625 0.48359375 0.03515625 0.06484375
0 0.6046875 0.159375 0.0203125 0.03671875
0 0.49609375 0.009375 0.01875 0.01796875
0 0.35078125 0.08046875 0.0171875 0.03828125
0 0.240625 0.1828125 0.025 0.046875
0 0.27890625 0.12890625 0.01875 0.03671875
0 0.21875 0.03671875 0.0203125 0.03515625
0 0.165625 0.12734375 0.025 0.03984375
0 0.14140625 0.36640625 0.02890625 0.0515625
0 0.6640625 0.3 0.025 0.046875
0 0.46484375 0.07109375 0.02109375 0.04140625
1 0.425 0.41171875 0.0171875 0.03203125
1 0.33671875 0.53203125 0.02265625 0.03671875
1 0.259375 0.63984375 0.025 0.03359375
1 0.12421875 0.82734375 0.02734375 0.04140625
1 0.3109375 0.8078125 0.02890625 0.0453125
1 0.70390625 0.765625 0.02734375 0.04296875
1 0.803125 0.709375 0.025 0.03984375
1 0.57421875 0.490625 0.0234375 0.03515625
1 0.203125 0.51640625 0.025 0.03515625
1 0.0671875 0.47578125 0.02109375 0.0296875
1 0.36484375 0.40078125 0.01875 0.028125
0 0.2609375 0.3390625 0.0265625 0.05859375
0 0.47734375 0.246875 0.02109375 0.03671875
0 0.35859375 0.028125 0.0203125 0.03515625
1 0.3078125 0.1140625 0.0140625 0.025
1 0.2578125 0.16015625 0.0125 0.0203125
1 0.2125 0.2109375 0.01484375 0.0234375
1 0.13203125 0.0671875 0.0140625 0.0203125
1 0.5703125 0.0453125 0.0125 0.01640625
2 0.44296875 0.80234375 0.1265625 0.36328125
0 0.42265625 0.0125 0.01484375 0.025
2 0.03125 0.546875 0.0515625 0.43359375
0 0.7234375 0.9015625 0.03515625 0.06796875
0 0.215625 0.7484375 0.0234375 0.08359375
0 0.4484375 0.65078125 0.03359375 0.0546875
2 0.5046875 0.5296875 0.0859375 0.3515625
2 0.6015625 0.28515625 0.0640625 0.28359375
2 0.4703125 0.3859375 0.06640625 0.31640625
2 0.33203125 0.4125 0.075 0.346875
2 0.16875 0.3140625 0.05859375 0.2484375
2 0.41640625 0.090625 0.0546875 0.18125
2 0.4640625 0.14765625 0.05390625 0.19296875
0 0.5734375 0.07890625 0.02109375 0.046875
0 0.57109375 0.15703125 0.06015625 0.18515625
2 0.1546875 0.08203125 0.04609375 0.16328125
2 0.259375 0.08828125 0.05 0.1765625
2 0.30703125 0.084375 0.0515625 0.16796875