2 0.2734375 0.46953125 0.08359375 0.38828125
2 0.47734375 0.3359375 0.075 0.33671875
2 0.05390625 0.34921875 0.0703125 0.33828125
2 0.6234375 0.175 0.07734375 0.29140625
2 0.83515625 0.79296875 0.13359375 0.36484375
2 0.32421875 0.3171875 0.07734375 0.328125
2 0.14609375 0.31953125 0.0796875 0.3453125
2 0.20546875 0.18984375 0.0625 0.28828125
2 0.34609375 0.17109375 0.0609375 0.26171875
2 0.42734375 0.22578125 0.06484375 0.3046875
2 0.5328125 0.21796875 0.0640625 0.29140625
2 0.1671875 0.09453125 0.05234375 0.18828125
0 0.84375 0.65 0.0296875 0.06796875
0 0.47734375 0.19453125 0.01875 0.03671875
0 0.5359375 0.09296875 0.01875 0.03203125
0 0.62421875 0.05390625 0.02265625 0.04140625
0 0.52890625 0.1078125 0.01484375 0.03828125
0 0.4296875 0.0890625 0.0171875 0.025
0 0.46328125 0.025 0.0171875 0.03671875
0 0.3515625 0.059375 0.0203125 0.03671875
0 0.3234375 0.175 0.02109375 0.04140625
0 0.2796875 0.2953125 0.02109375 0.03203125
0 0.1984375 0.0734375 0.0203125 0.03671875
0 0.15078125 0.17265625 0.01875 0.04296875
0 0.1328125 0.18203125 0.0234375 0.0296875
0 0.06015625 0.203125 0.01875 0.04140625
0 0.24609375 0.0046875 0.0171875 0.009375
0 0.86875 0.06328125 0.0203125 0.03515625
0 0.9234375 0.0734375 0.0234375 0.04140625
1 0.046875 0.41171875 0.0203125 0.03203125
1 0.0890625 0.26328125 0.0171875 0.03671875
1 0.140625 0.3984375 0.02109375 0.03203125
1 0.19765625 0.2796875 0.01875 0.028125
1 0.1703125 0.11328125 0.01640625 0.0234375
1 0.08359375 0.08828125 0.01484375 0.021875
1 0.3421875 0.21328125 0.0171875 0.0265625
1 0.3171875 0.37578125 0.0171875 0.028125
1 0.2796875 0.55 0.02265625 0.03828125
1 0.47109375 0.3859375 0.02109375 0.028125
1 0.43203125 0.2671875 0.0171875 0.0265625
1 0.5328125 0.27109375 0.0171875 0.0265625
1 0.63828125 0.24765625 0.0171875 0.0265625
1 0.790625 0.22890625 0.0125 0.028125
1 0.875 0.946875 0.03125 0.053125
0 0.0171875 0.8296875 0.034375 0.059375
2 0.0828125 0.06640625 0.0375 0.1328125
2 0.0953125 0.21015625 0.05859375 0.271875