2 0.5296875 0.365625 0.0921875 0.378125
2 0.30390625 0.221875 0.0703125 0.303125
2 0.421875 0.2546875 0.07109375 0.31015625
2 0.6046875 0.20390625 0.0734375 0.28515625
2 0.20625 0.1703125 0.06484375 0.29140625
2 0.05625 0.51640625 0.09140625 0.39140625
2 0.35546875 0.1859375 0.06015625 0.26796875
0 0.21015625 0.04609375 0.01875 0.03984375
0 0.3046875 0.1 0.0203125 0.03828125
0 0.35859375 0.0703125 0.0203125 0.03984375
0 0.5046875 0.0375 0.0203125 0.03671875
0 0.5109375 0.08828125 0.01875 0.03828125
0 0.6078125 0.084375 0.0203125 0.03671875
0 0.428125 0.125 0.025 0.0453125
0 0.2828125 0.76484375 0.04140625 0.075
0 0.45546875 0.74296875 0.04375 0.09140625
0 0.253125 0.296875 0.02734375 0.05859375
0 0.0546875 0.3609375 0.0328125 0.06796875
1 0.2046875 0.22265625 0.01640625 0.0265625
1 0.30234375 0.28046875 0.0171875 0.028125
1 0.34921875 0.22421875 0.01484375 0.0234375
1 0.41953125 0.2984375 0.0203125 0.0296875
1 0.50234375 0.2640625 0.01484375 0.0234375
1 0.521875 0.43203125 0.0203125 0.03828125
1 0.60390625 0.25234375 0.0171875 0.0234375
1 0.1921875 0.75859375 0.0390625 0.06015625
0 0.04765625 0.83671875 0.04140625 0.0765625
0 0.53515625 0.21796875 0.0203125 0.046875
0 0.778125 0.1453125 0.02109375 0.04296875
0 0.41484375 0.04765625 0.02265625 0.03984375
0 0.303125 0.009375 0.01640625 0.00859375
0 0.2328125 0.009375 0.0171875 0.01171875
2 0.2859375 0.85859375 0.1171875 0.26171875
2 0.45 0.84765625 0.12109375 0.3046875
2 0.25078125 0.37109375 0.08984375 0.21171875
2 0.2828125 0.13203125 0.05390625 0.2546875
0 0.6015625 0.9734375 0.0375 0.053125
2 0.76640625 0.2625 0.09765625 0.28203125
2 0.5015625 0.20078125 0.07109375 0.2796875
0 0.0140625 0.65 0.0171875 0.09296875