2 0.41015625 0.55 0.0921875 0.41796875
2 0.2015625 0.65390625 0.1078125 0.44296875
2 0.5484375 0.31953125 0.08359375 0.31796875
2 0.6453125 0.35390625 0.0859375 0.35
2 0.13203125 0.48671875 0.09609375 0.3984375
2 0.265625 0.31015625 0.0734375 0.3046875
2 0.3234375 0.13203125 0.06015625 0.2484375
2 0.1546875 0.2234375 0.0671875 0.28984375
2 0.22890625 0.11328125 0.0625 0.203125
0 0.3171875 0.025 0.0171875 0.03359375
0 0.259375 0.1859375 0.02265625 0.0453125
0 0.1484375 0.1046875 0.01640625 0.03515625
0 0.1234375 0.3203125 0.02734375 0.0515625
0 0.184375 0.46484375 0.0296875 0.0546875
0 0.39765625 0.3734375 0.0265625 0.0546875
0 0.6421875 0.21015625 0.02734375 0.0515625
0 0.5421875 0.1875 0.0234375 0.0484375
0 0.90546875 0.07109375 0.01875 0.04296875
0 0.86796875 0.1953125 0.01875 0.028125
1 0.1296875 0.5953125 0.025 0.03984375
1 0.2140625 0.7515625 0.02734375 0.0453125
1 0.4140625 0.66484375 0.025 0.03984375
1 0.26328125 0.3578125 0.02109375 0.03515625
1 0.1484375 0.271875 0.0203125 0.0296875
1 0.321875 0.20546875 0.01640625 0.0234375
1 0.23046875 0.1515625 0.0171875 0.0265625
1 0.5421875 0.37578125 0.0203125 0.03671875
1 0.6515625 0.4421875 0.02265625 0.03984375
1 0.24921875 0.1046875 0.01484375 0.025
1 0.26953125 0.0875 0.01484375 0.0234375