2 0.425 0.77109375 0.10234375 0.4546875
2 0.1453125 0.653125 0.09609375 0.4765625
2 0.365625 0.584375 0.0984375 0.4015625
2 0.3765625 0.25546875 0.06875 0.28828125
2 0.4453125 0.1828125 0.06015625 0.2734375
2 0.521875 0.13671875 0.0609375 0.25
1 0.1953125 0.16015625 0.0234375 0.03984375
1 0.37265625 0.35859375 0.0171875 0.028125
1 0.44453125 0.22421875 0.0171875 0.028125
1 0.52265625 0.17734375 0.0203125 0.0296875
1 0.3578125 0.71171875 0.02890625 0.04296875
1 0.4046875 0.8484375 0.02734375 0.0453125
1 0.13046875 0.728125 0.02890625 0.0484375
1 0.32109375 0.04765625 0.0140625 0.021875
1 0.47890625 0.02890625 0.0140625 0.021875
0 0.37890625 0.13515625 0.0203125 0.03828125
0 0.44765625 0.071875 0.0203125 0.0453125
0 0.365625 0.41796875 0.03125 0.05703125
0 0.4265625 0.58046875 0.03125 0.06328125
0 0.14296875 0.45078125 0.0296875 0.06015625
0 0.5203125 0.0296875 0.0171875 0.028125