2 0.053125 0.55234375 0.0890625 0.40703125
2 0.1515625 0.609375 0.0984375 0.41796875
2 0.16328125 0.33984375 0.0671875 0.321875
2 0.26796875 0.346875 0.07109375 0.325
2 0.346875 0.53671875 0.0734375 0.3703125
2 0.4953125 0.4453125 0.075 0.36328125
2 0.80703125 0.61328125 0.1921875 0.4484375
2 0.7515625 0.18828125 0.0921875 0.28984375
2 0.5234375 0.17421875 0.0625 0.2796875
2 0.3671875 0.2453125 0.0671875 0.28828125
2 0.4140625 0.12109375 0.06015625 0.24140625
0 0.0421875 0.37578125 0.03125 0.05859375
0 0.13203125 0.43046875 0.0234375 0.05
0 0.1484375 0.4359375 0.02265625 0.0546875
0 0.15390625 0.20546875 0.02109375 0.03984375
0 0.1625 0.08984375 0.01484375 0.03828125
0 0.25 0.1 0.0265625 0.04140625
0 0.2609375 0.2046875 0.02109375 0.04140625
0 0.48671875 0.290625 0.0234375 0.04296875
0 0.5171875 0.06484375 0.0203125 0.03828125
0 0.365625 0.12734375 0.02265625 0.0484375
1 0.2671875 0.4046875 0.01875 0.0265625
1 0.065625 0.0890625 0.01875 0.03203125
1 0.04375 0.65546875 0.02265625 0.03515625
1 0.1515625 0.740625 0.0265625 0.03984375
1 0.3484375 0.6046875 0.02265625 0.03671875
1 0.5015625 0.52109375 0.02265625 0.03359375
0 0.746875 0.084375 0.0203125 0.03984375
0 0.81328125 0.42890625 0.02890625 0.0515625
0 0.34765625 0.7390625 0.03984375 0.0765625
1 0.36328125 0.30859375 0.01640625 0.0265625
2 0.34921875 0.846875 0.1140625 0.2953125
2 0.47421875 0.0796875 0.0484375 0.159375
1 0.42109375 0.16328125 0.01640625 0.025
1 0.52265625 0.234375 0.0171875 0.0265625
1 0.47421875 0.10078125 0.01484375 0.025
1 0.27421875 0.07265625 0.0125 0.021875