2 0.0625 0.32421875 0.07109375 0.3234375
0 0.0578125 0.1875 0.0234375 0.04140625
1 0.053125 0.37890625 0.0203125 0.03359375
1 0.11484375 0.4390625 0.0203125 0.03203125
1 0.17265625 0.5 0.02265625 0.03359375
1 0.246875 0.621875 0.02265625 0.04296875
1 0.13515625 0.82578125 0.02734375 0.04140625
1 0.3109375 0.4703125 0.02265625 0.03671875
1 0.4421875 0.5453125 0.02265625 0.03828125
1 0.51640625 0.4390625 0.02109375 0.03359375
1 0.65859375 0.4234375 0.0203125 0.0296875
1 0.5984375 0.30234375 0.01875 0.0296875
1 0.85 0.33515625 0.0203125 0.03359375
1 0.9609375 0.47265625 0.02265625 0.03671875
1 0.28203125 0.42265625 0.0234375 0.03515625
2 0.659375 0.3234375 0.0828125 0.3484375
2 0.8265625 0.28515625 0.0859375 0.31796875
2 0.95390625 0.39921875 0.0890625 0.353125
2 0.6234375 0.246875 0.08125 0.296875
2 0.52578125 0.3671875 0.08359375 0.33828125
2 0.46875 0.4828125 0.0953125 0.378125
2 0.328125 0.4125 0.0796875 0.353125
2 0.28515625 0.3625 0.05625 0.321875
2 0.2515625 0.54296875 0.0890625 0.4046875
2 0.1609375 0.73515625 0.11015625 0.475
2 0.16796875 0.4296875 0.08515625 0.36796875
2 0.10859375 0.3734375 0.08125 0.33359375
0 0.15078125 0.1859375 0.02109375 0.0484375
0 0.2328125 0.19140625 0.02109375 0.04140625
0 0.19375 0.2375 0.02265625 0.03828125
0 0.278125 0.2234375 0.02265625 0.03828125
0 0.33359375 0.1796875 0.02109375 0.046875
0 0.39296875 0.3109375 0.0234375 0.04296875
0 0.3921875 0.22890625 0.02265625 0.03828125
0 0.47578125 0.08203125 0.0234375 0.03359375
0 0.521875 0.22734375 0.0234375 0.0515625
0 0.6515625 0.17265625 0.02109375 0.03984375
0 0.8109375 0.15 0.0234375 0.04140625
0 0.10625 0.23359375 0.0234375 0.03828125
0 0.1171875 0.22421875 0.02265625 0.028125
0 0.1671875 0.26953125 0.02734375 0.04296875
0 0.2453125 0.37265625 0.02734375 0.053125
0 0.1453125 0.534375 0.0328125 0.05859375
0 0.46328125 0.3234375 0.025 0.0515625
0 0.94453125 0.25390625 0.02109375 0.0515625
0 0.95625 0.25234375 0.0140625 0.046875
2 0.39921875 0.46953125 0.0828125 0.36171875
0 0.2390625 0.26015625 0.02265625 0.0546875