2 0.2015625 0.76953125 0.1171875 0.43984375
0 0.1984375 0.58984375 0.03515625 0.0765625
1 0.17109375 0.90703125 0.0328125 0.053125
2 0.1578125 0.35859375 0.0796875 0.33203125
0 0.1609375 0.215625 0.0203125 0.03984375
1 0.153125 0.4359375 0.0203125 0.03359375
0 0.15703125 0.1734375 0.0171875 0.03515625
0 0.21484375 0.3109375 0.02265625 0.05
2 0.221875 0.4640625 0.06875 0.3546875
1 0.2203125 0.5328125 0.0234375 0.04296875
2 0.3390625 0.475 0.10390625 0.4
0 0.3359375 0.3015625 0.025 0.046875
1 0.31015625 0.57890625 0.02265625 0.03984375
0 0.2171875 0.23984375 0.0203125 0.03984375
0 0.22890625 0.159375 0.0171875 0.03828125
2 0.2609375 0.34453125 0.0546875 0.321875
0 0.2578125 0.2 0.01875 0.03203125
1 0.24921875 0.45 0.0171875 0.03203125
0 0.30859375 0.16640625 0.02109375 0.03828125
0 0.3140625 0.246875 0.02265625 0.046875
0 0.3546875 0.21953125 0.01875 0.03828125
2 0.4265625 0.3078125 0.0671875 0.303125
0 0.428125 0.178125 0.0203125 0.03828125
1 0.4296875 0.37109375 0.0203125 0.03203125
2 0.50625 0.30390625 0.07109375 0.328125
0 0.50390625 0.1625 0.02265625 0.04140625
1 0.4984375 0.3703125 0.01875 0.0296875
2 0.58671875 0.31171875 0.06640625 0.31640625
0 0.5953125 0.175 0.02265625 0.03828125
1 0.59453125 0.38984375 0.01875 0.03203125
2 0.47578125 0.2375 0.05234375 0.28359375
0 0.4890625 0.1140625 0.0203125 0.03671875
2 0.53359375 0.1484375 0.0578125 0.26015625
0 0.5390625 0.03671875 0.0171875 0.03359375
1 0.53984375 0.20078125 0.01640625 0.0265625
2 0.678125 0.43671875 0.07265625 0.353125
0 0.6765625 0.28515625 0.02265625 0.0453125
1 0.6671875 0.528125 0.02265625 0.03671875
2 0.03671875 0.75078125 0.06484375 0.471875
0 0.01484375 0.5546875 0.0203125 0.0703125
2 0.49609375 0.8515625 0.125 0.26328125
0 0.5109375 0.7796875 0.03984375 0.08671875
0 0.4890625 0.76328125 0.03359375 0.0765625