2 0.55234375 0.77734375 0.10859375 0.4453125
2 0.41796875 0.571875 0.0890625 0.40703125
2 0.60390625 0.46328125 0.07109375 0.4
2 0.7046875 0.44140625 0.07109375 0.38359375
2 0.18203125 0.6265625 0.0859375 0.46640625
2 0.334375 0.4671875 0.0796875 0.38984375
2 0.2484375 0.425 0.0859375 0.36015625
2 0.06875 0.73984375 0.11640625 0.48828125
2 0.45078125 0.321875 0.0671875 0.3046875
2 0.1109375 0.4703125 0.07734375 0.36484375
0 0.04296875 0.52578125 0.03125 0.05703125
0 0.16796875 0.42734375 0.0296875 0.0515625
0 0.09765625 0.31015625 0.0234375 0.04296875
0 0.234375 0.2671875 0.02109375 0.0453125
0 0.2859375 0.221875 0.02265625 0.03828125
0 0.240625 0.1984375 0.025 0.0484375
0 0.30703125 0.17890625 0.02109375 0.03671875
0 0.3359375 0.23984375 0.0265625 0.0484375
0 0.41015625 0.21484375 0.0265625 0.0546875
0 0.43515625 0.19296875 0.02265625 0.0453125
0 0.4109375 0.4046875 0.02890625 0.05703125
0 0.5453125 0.58515625 0.02890625 0.06328125
0 0.59375 0.29453125 0.0296875 0.053125
0 0.69921875 0.278125 0.0265625 0.03828125
0 0.665625 0.2140625 0.02265625 0.03984375
0 0.62265625 0.190625 0.0234375 0.0484375
0 0.57109375 0.21796875 0.02109375 0.04296875
0 0.57578125 0.07109375 0.0171875 0.0296875
0 0.08828125 0.23671875 0.02265625 0.04296875
0 0.1125 0.203125 0.0171875 0.03515625
0 0.1671875 0.21015625 0.0265625 0.0453125
0 0.153125 0.271875 0.02265625 0.046875
0 0.32578125 0.2984375 0.0234375 0.0453125
1 0.24296875 0.48359375 0.0234375 0.03984375
1 0.1703125 0.72578125 0.025 0.04140625
1 0.1234375 0.52890625 0.0171875 0.028125
1 0.0359375 0.81640625 0.025 0.0453125
1 0.32734375 0.57734375 0.0234375 0.03984375
1 0.4109375 0.690625 0.0234375 0.04140625
1 0.4515625 0.40078125 0.01875 0.03203125
1 0.2828125 0.4203125 0.01640625 0.0265625
0 0.56015625 0.153125 0.02734375 0.03984375
1 0.59765625 0.5328125 0.02109375 0.03515625
1 0.69765625 0.50390625 0.0234375 0.03984375
1 0.6546875 0.4234375 0.02109375 0.03515625
1 0.5546875 0.921875 0.0296875 0.0453125
2 0.5359375 0.31328125 0.0546875 0.3046875
2 0.66640625 0.359375 0.05859375 0.33203125
2 0.16171875 0.3640625 0.0671875 0.225
2 0.58125 0.15234375 0.07109375 0.1953125
2 0.5703125 0.3484375 0.04765625 0.30703125
2 0.62421875 0.32890625 0.0625 0.321875