2 0.28828125 0.63515625 0.11015625 0.4515625
2 0.05 0.63671875 0.08984375 0.43984375
2 0.50625 0.6578125 0.0953125 0.45703125
2 0.74453125 0.59140625 0.09140625 0.471875
2 0.39375 0.1546875 0.0625 0.28359375
2 0.2859375 0.1328125 0.05 0.26484375
0 0.04140625 0.4546875 0.02890625 0.0546875
0 0.2796875 0.4421875 0.0296875 0.0484375
0 0.496875 0.446875 0.02734375 0.053125
1 0.25625 0.7171875 0.0265625 0.03984375
1 0.49375 0.80390625 0.025 0.03828125
0 0.33515625 0.13359375 0.0203125 0.028125
0 0.2875 0.01796875 0.01484375 0.0296875
1 0.28359375 0.17421875 0.0140625 0.021875
0 0.38984375 0.03828125 0.01640625 0.03828125
1 0.3890625 0.209375 0.01484375 0.0234375
1 0.7625 0.665625 0.0234375 0.03515625
0 0.75078125 0.3859375 0.025 0.0453125
0 0.5328125 0.2890625 0.025 0.0515625
0 0.54296875 0.22421875 0.02109375 0.046875
1 0.1421875 0.3328125 0.02734375 0.04140625
1 0.0359375 0.7125 0.0234375 0.03671875
2 0.02578125 0.19296875 0.04609375 0.29296875
1 0.02421875 0.259375 0.01484375 0.0234375
0 0.01796875 0.07109375 0.0171875 0.03359375
2 0.3359375 0.18984375 0.06484375 0.1515625
2 0.53203125 0.45859375 0.0828125 0.36796875
1 0.5578125 0.41953125 0.01640625 0.03515625
1 0.4453125 0.02421875 0.0125 0.021875
1 0.33359375 0.6046875 0.03359375 0.0484375