2 0.4015625 0.5171875 0.09765625 0.39296875
0 0.38828125 0.353125 0.03515625 0.05703125
1 0.40703125 0.5765625 0.0296875 0.0453125
2 0.4921875 0.4125 0.1015625 0.36796875
0 0.48203125 0.259375 0.03359375 0.05703125
1 0.50390625 0.5171875 0.02734375 0.04140625
2 0.55234375 0.3375 0.0890625 0.33828125
0 0.5421875 0.2015625 0.03125 0.06484375
1 0.56484375 0.3875 0.0234375 0.04140625
2 0.3609375 0.43203125 0.0734375 0.3515625
0 0.353125 0.28515625 0.0328125 0.053125
1 0.36953125 0.5453125 0.0296875 0.0453125
2 0.30625 0.37109375 0.09140625 0.35703125
0 0.29296875 0.228125 0.03125 0.06796875
1 0.3015625 0.421875 0.0265625 0.04296875
2 0.2609375 0.48671875 0.075 0.36328125
0 0.259375 0.3359375 0.0265625 0.0546875
1 0.26328125 0.5640625 0.0296875 0.0453125
2 0.209375 0.3484375 0.07890625 0.36484375
0 0.20078125 0.19765625 0.025 0.053125
2 0.159375 0.415625 0.075 0.3484375
1 0.209375 0.4296875 0.02265625 0.03984375
0 0.15546875 0.271875 0.0265625 0.0515625
1 0.1640625 0.471875 0.025 0.03984375
2 0.12890625 0.50390625 0.09375 0.38671875
0 0.1203125 0.3390625 0.0296875 0.053125
1 0.12578125 0.5640625 0.02890625 0.04296875
2 0.07734375 0.3171875 0.0828125 0.3296875
0 0.0703125 0.1875 0.0265625 0.05
1 0.08671875 0.36484375 0.02109375 0.03828125
2 0.14296875 0.2078125 0.0671875 0.21015625
2 0.43984375 0.109375 0.06484375 0.18828125
1 0.44453125 0.146875 0.0171875 0.03203125
2 0.51328125 0.121875 0.0609375 0.21328125
1 0.51484375 0.13984375 0.0203125 0.0234375
2 0.4921875 0.2078125 0.07109375 0.26171875
0 0.47890625 0.10859375 0.02109375 0.0484375
1 0.50078125 0.2703125 0.02109375 0.03984375
1 0.26875 0.17265625 0.0265625 0.04296875
0 0.7984375 0.0765625 0.0171875 0.03515625
0 0.88515625 0.0828125 0.02265625 0.0453125
1 0.00234375 0.34453125 0.0046875 0.03515625
2 0.0125 0.2890625 0.025 0.2953125