2 0.47578125 0.40859375 0.09375 0.35859375
2 0.3734375 0.240625 0.07734375 0.325
2 0.2796875 0.42734375 0.0890625 0.36796875
2 0.4796875 0.1828125 0.0765625 0.25859375
2 0.403125 0.125 0.0609375 0.25
2 0.303125 0.18984375 0.06640625 0.29296875
2 0.2359375 0.25078125 0.0734375 0.3296875
2 0.190625 0.68984375 0.09765625 0.46015625
2 0.21875 0.084375 0.05 0.16796875
1 0.365625 0.28515625 0.01640625 0.03203125
1 0.228125 0.3296875 0.0203125 0.028125
1 0.2671875 0.47734375 0.0203125 0.0296875
1 0.46796875 0.4640625 0.02109375 0.03203125
1 0.30234375 0.24296875 0.0171875 0.0265625
1 0.17109375 0.775 0.0265625 0.04296875
1 0.221875 0.140625 0.01640625 0.0234375
1 0.253125 0.07734375 0.0140625 0.0234375
0 0.0671875 0.68984375 0.04140625 0.08359375
0 0.190625 0.4953125 0.0328125 0.05859375
0 0.2328125 0.65078125 0.03984375 0.0734375
0 0.2875 0.2671875 0.025 0.06015625
0 0.23671875 0.1125 0.0203125 0.0546875
0 0.37890625 0.103125 0.02265625 0.05
0 0.3109375 0.059375 0.02265625 0.03203125
0 0.4765625 0.2453125 0.02265625 0.0484375
2 0.2296875 0.7953125 0.1296875 0.36796875
2 0.075 0.80546875 0.1265625 0.33515625
0 0.89375 0.79921875 0.04140625 0.08828125
2 0.2546875 0.0703125 0.0453125 0.13984375