2 0.38515625 0.24296875 0.07109375 0.31484375
2 0.0765625 0.7953125 0.1328125 0.325
2 0.63359375 0.28984375 0.0890625 0.31796875
2 0.31640625 0.11953125 0.07734375 0.23828125
2 0.37890625 0.578125 0.1015625 0.425
0 0.3921875 0.1140625 0.0234375 0.03828125
0 0.38671875 0.39765625 0.02734375 0.0515625
1 0.62578125 0.34609375 0.02109375 0.03359375
0 0.07734375 0.68203125 0.04375 0.08984375
2 0.70078125 0.21015625 0.11015625 0.26328125
1 0.37734375 0.34921875 0.0171875 0.0296875
0 0.6953125 0.0953125 0.0203125 0.03359375
1 0.3125 0.1640625 0.0171875 0.0265625
1 0.3625 0.6546875 0.02734375 0.03671875
0 0.3140625 0.0078125 0.0171875 0.01484375
1 0.02890625 0.1765625 0.02109375 0.04140625
1 0.7328125 0.284375 0.0171875 0.03359375