2 0.50703125 0.7 0.1046875 0.48359375
2 0.1984375 0.81328125 0.11640625 0.3734375
2 0.31640625 0.76875 0.0953125 0.4625
2 0.1375 0.28359375 0.0625 0.3046875
2 0.05859375 0.19140625 0.04765625 0.26640625
2 0.02734375 0.5703125 0.0546875 0.40703125
2 0.51640625 0.20703125 0.0484375 0.28515625
2 0.45234375 0.21640625 0.05 0.28515625
2 0.3953125 0.27890625 0.05 0.31015625
2 0.2 0.26171875 0.0515625 0.303125
2 0.02578125 0.3 0.0515625 0.3203125
2 0.7484375 0.25703125 0.0671875 0.28984375
2 0.55546875 0.16328125 0.03984375 0.2765625
0 0.5046875 0.50234375 0.0296875 0.06171875
0 0.2984375 0.578125 0.02734375 0.0546875
0 0.18828125 0.65859375 0.03515625 0.06484375
0 0.13359375 0.15078125 0.01875 0.03984375
0 0.05625 0.08203125 0.0234375 0.04140625
0 0.01640625 0.178125 0.02265625 0.0453125
0 0.19140625 0.05859375 0.01640625 0.0265625
0 0.2859375 0.17109375 0.02265625 0.04296875
0 0.38984375 0.14453125 0.01640625 0.03671875
0 0.446875 0.0921875 0.0234375 0.03359375
0 0.51015625 0.0875 0.0203125 0.04140625
0 0.55078125 0.04765625 0.01484375 0.0296875
1 0.05859375 0.27890625 0.01484375 0.0234375
1 0.13671875 0.34453125 0.01640625 0.03203125
1 0.1984375 0.34765625 0.01484375 0.025
1 0.39375 0.36328125 0.0171875 0.0296875
0 0.309375 0.29296875 0.02109375 0.0453125
1 0.4515625 0.26640625 0.01640625 0.0234375
1 0.51640625 0.2859375 0.01640625 0.025
1 0.484375 0.20703125 0.0125 0.025
1 0.55703125 0.2140625 0.01484375 0.0234375
1 0.5046875 0.79609375 0.0234375 0.03984375
1 0.31171875 0.94921875 0.02734375 0.04140625
1 0.19375 0.98203125 0.028125 0.0359375
0 0.42421875 0.90390625 0.0359375 0.0765625
0 0.30546875 0.028125 0.01484375 0.025
0 0.38984375 0.0328125 0.0171875 0.03359375
0 0.49453125 0.0328125 0.0171875 0.03359375
0 0.3609375 0.1453125 0.0125 0.0203125
1 0.25625 0.1515625 0.0125 0.0203125
1 0.30625 0.5390625 0.0203125 0.021875
1 0.76875 0.28203125 0.01875 0.025
0 0.8421875 0.084375 0.0203125 0.04296875
1 0.0140625 0.6484375 0.02109375 0.04140625
0 0.1953125 0.12421875 0.01640625 0.03828125
2 0.31328125 0.440625 0.0875 0.33515625
2 0.28359375 0.30390625 0.05234375 0.30859375
2 0.25703125 0.109375 0.04609375 0.2046875
2 0.3609375 0.11328125 0.0359375 0.21484375
2 0.4171875 0.12265625 0.0375 0.23515625