2 0.6296875 0.515625 0.0828125 0.396875
2 0.3734375 0.5296875 0.08984375 0.39140625
2 0.2921875 0.52578125 0.09375 0.41796875
2 0.48125 0.5375 0.0984375 0.4203125
2 0.5453125 0.5109375 0.07890625 0.39140625
2 0.4234375 0.4546875 0.08125 0.3765625
1 0.3 0.6 0.0234375 0.03203125
1 0.3765625 0.6375 0.0234375 0.03984375
1 0.4796875 0.64921875 0.0234375 0.03671875
1 0.421875 0.52109375 0.02265625 0.03203125
1 0.5265625 0.57734375 0.02265625 0.03359375
1 0.6265625 0.58359375 0.02265625 0.03203125
1 0.18046875 0.3015625 0.0171875 0.025
0 0.29921875 0.346875 0.02890625 0.05859375
0 0.13515625 0.246875 0.02734375 0.046875
0 0.12578125 0.16640625 0.01875 0.04140625
0 0.18984375 0.12265625 0.02109375 0.03671875
0 0.25390625 0.21171875 0.0234375 0.0453125
0 0.2640625 0.25859375 0.0265625 0.046875
0 0.33984375 0.22421875 0.02890625 0.046875
0 0.33828125 0.1546875 0.02109375 0.046875
0 0.375 0.2546875 0.0296875 0.0484375
0 0.38359375 0.36640625 0.02734375 0.05859375
0 0.428125 0.28828125 0.02265625 0.03984375
0 0.4890625 0.35703125 0.025 0.06015625
0 0.54375 0.34609375 0.025 0.0484375
0 0.634375 0.3421875 0.025 0.03984375
0 0.63125 0.271875 0.0265625 0.04140625
0 0.65703125 0.225 0.02734375 0.0515625
0 0.54921875 0.17890625 0.02265625 0.0453125
0 0.51015625 0.20078125 0.0234375 0.0484375
0 0.4734375 0.23671875 0.0234375 0.05
0 0.4375 0.1796875 0.0203125 0.04296875
0 0.26328125 0.165625 0.02109375 0.03828125
0 0.53359375 0.83203125 0.04609375 0.08828125
0 0.1609375 0.928125 0.0421875 0.075
0 0.92734375 0.08515625 0.02109375 0.03359375
2 0.0921875 0.12578125 0.06875 0.2515625
2 0.2796875 0.1203125 0.0625 0.2296875
1 0.0734375 0.16640625 0.01484375 0.0265625
0 0.09765625 0.01328125 0.01875 0.0265625
0 0.2828125 0.01953125 0.0203125 0.03359375
0 0.33203125 0.00703125 0.01875 0.01328125
0 0.42734375 0.21328125 0.02109375 0.03515625
0 0.5484375 0.046875 0.0234375 0.0453125
2 0.18359375 0.2453125 0.07109375 0.28984375
2 0.25234375 0.415625 0.07734375 0.36015625
2 0.32578125 0.10390625 0.0640625 0.2078125