0 0.384375 0.4359375 0.0296875 0.06796875
2 0.38828125 0.62421875 0.1 0.46171875
1 0.39296875 0.7640625 0.02734375 0.0484375
2 0.53046875 0.16015625 0.0734375 0.271875
2 0.44375 0.1359375 0.05625 0.25
0 0.43984375 0.03203125 0.01875 0.03515625
1 0.44296875 0.1828125 0.01640625 0.025
2 0.41015625 0.078125 0.0515625 0.1265625
1 0.40703125 0.06796875 0.0140625 0.0234375
1 0.53203125 0.2140625 0.0171875 0.0296875
2 0.36953125 0.25234375 0.075 0.30859375
0 0.3671875 0.12890625 0.025 0.046875
0 0.36875 0.15 0.02109375 0.03984375
1 0.371875 0.32109375 0.0203125 0.03359375
2 0.2890625 0.1453125 0.0671875 0.25859375
1 0.28359375 0.20703125 0.0171875 0.0265625
2 0.2359375 0.2625 0.0671875 0.3
0 0.22890625 0.1421875 0.025 0.0515625
1 0.2328125 0.303125 0.02109375 0.03515625
2 0.27578125 0.45859375 0.0875 0.378125
0 0.27265625 0.303125 0.02734375 0.06015625
1 0.27109375 0.559375 0.0234375 0.0453125
2 0.17265625 0.63515625 0.09765625 0.4265625
2 0.221875 0.7828125 0.11875 0.434375
1 0.21875 0.9203125 0.0296875 0.0515625
0 0.2046875 0.60859375 0.0375 0.0703125
1 0.1671875 0.69921875 0.03359375 0.0546875
0 0.071875 0.91171875 0.0453125 0.08828125
0 0.0203125 0.709375 0.0265625 0.09296875
0 0.72265625 0.02734375 0.0171875 0.021875
0 0.92578125 0.09296875 0.02109375 0.04140625