2 0.64453125 0.60078125 0.1 0.403125
2 0.4859375 0.49140625 0.075 0.38515625
2 0.57578125 0.446875 0.07265625 0.35859375
2 0.2640625 0.3765625 0.07265625 0.33984375
2 0.1953125 0.240625 0.05859375 0.2734375
2 0.3 0.73203125 0.07109375 0.4796875
2 0.3484375 0.7765625 0.09375 0.44296875
2 0.440625 0.41171875 0.06484375 0.33828125
2 0.28359375 0.1296875 0.0625 0.2234375
2 0.5515625 0.184375 0.06015625 0.26640625
0 0.1390625 0.253125 0.0203125 0.04296875
0 0.1296875 0.1734375 0.0203125 0.03515625
0 0.1921875 0.13359375 0.02109375 0.04140625
0 0.2671875 0.18046875 0.02109375 0.03984375
0 0.2625 0.2265625 0.0234375 0.03671875
0 0.28515625 0.034375 0.01640625 0.025
0 0.3328125 0.01953125 0.01875 0.01796875
0 0.3453125 0.17109375 0.0203125 0.04140625
0 0.34453125 0.24296875 0.02265625 0.04140625
0 0.3109375 0.51484375 0.0265625 0.0484375
1 0.2484375 0.43828125 0.01875 0.03359375
1 0.43671875 0.47265625 0.025 0.03671875
1 0.48359375 0.56171875 0.02109375 0.04296875
1 0.29296875 0.81328125 0.02890625 0.0484375
1 0.32578125 0.94921875 0.02890625 0.0515625
1 0.6453125 0.70546875 0.02109375 0.03515625
1 0.571875 0.50546875 0.02265625 0.03984375
1 0.38125 0.31796875 0.0171875 0.025
1 0.54921875 0.2515625 0.01640625 0.0265625
0 0.55234375 0.0765625 0.02265625 0.03984375
0 0.9328125 0.134375 0.02109375 0.0453125
0 0.5359375 0.8109375 0.04609375 0.0703125
0 0.40234375 0.78671875 0.03984375 0.08515625
0 0.346875 0.5953125 0.03984375 0.0734375
0 0.4484375 0.19765625 0.0234375 0.03828125
0 0.51484375 0.2265625 0.0234375 0.046875
0 0.6671875 0.26484375 0.0234375 0.053125
0 0.65234375 0.440625 0.02890625 0.06484375
2 0.4078125 0.8671875 0.12734375 0.26484375
2 0.06171875 0.8546875 0.1109375 0.26015625
0 0.04609375 0.76328125 0.04765625 0.0703125
2 0.540625 0.88515625 0.1234375 0.2296875
2 0.3828125 0.2578125 0.05625 0.28984375
2 0.33046875 0.10859375 0.0515625 0.1984375
1 0.1890625 0.31015625 0.01875 0.0296875
1 0.071875 0.58515625 0.0375 0.06171875