0 0.934375 0.96171875 0.05625 0.0765625
0 0.2203125 0.246875 0.0234375 0.0515625
2 0.21953125 0.38984375 0.075 0.3484375
1 0.2125 0.4390625 0.02109375 0.03515625
2 0.1359375 0.278125 0.06484375 0.3015625
1 0.13359375 0.32109375 0.0203125 0.0296875
2 0.0890625 0.15 0.05390625 0.2546875
1 0.0828125 0.18671875 0.01640625 0.0265625
2 0.1421875 0.0953125 0.05234375 0.18515625
1 0.1421875 0.1296875 0.01484375 0.0234375
2 0.1828125 0.0625 0.03515625 0.11640625
1 0.18046875 0.046875 0.0125 0.021875
1 0.2296875 0.13828125 0.01484375 0.0234375
2 0.23359375 0.1015625 0.0546875 0.19296875
2 0.2859375 0.06328125 0.0328125 0.11328125
1 0.2859375 0.05 0.0125 0.0234375
2 0.3265625 0.18515625 0.06640625 0.28984375
0 0.32421875 0.06328125 0.01640625 0.03671875
0 0.334375 0.07421875 0.00859375 0.03515625
1 0.32578125 0.2390625 0.01640625 0.0265625
2 0.4171875 0.1890625 0.06640625 0.275
0 0.42265625 0.0734375 0.01875 0.03828125
1 0.4203125 0.23359375 0.01484375 0.025
2 0.4640625 0.1125 0.05234375 0.2046875
1 0.4671875 0.14453125 0.01640625 0.025