2 0.125 0.3046875 0.0734375 0.3265625
1 0.125 0.3546875 0.01875 0.03203125
0 0.1375 0.1625 0.02265625 0.03671875
2 0.11484375 0.109375 0.06015625 0.21796875
1 0.11328125 0.1265625 0.01484375 0.0234375
2 0.15078125 0.21328125 0.04765625 0.253125
0 0.16171875 0.11484375 0.02109375 0.04140625
0 0.1484375 0.109375 0.0171875 0.04296875
2 0.17890625 0.07890625 0.0453125 0.1578125
1 0.175 0.0953125 0.0125 0.0203125
2 0.2421875 0.22109375 0.0703125 0.3203125
0 0.2453125 0.08515625 0.0203125 0.03984375
1 0.2359375 0.29609375 0.01875 0.0296875
2 0.30703125 0.2359375 0.06640625 0.28671875
1 0.30625 0.29453125 0.01875 0.0296875
0 0.3125 0.115625 0.0203125 0.03828125
2 0.2984375 0.11484375 0.05859375 0.221875
0 0.30234375 0.025 0.0203125 0.03828125
2 0.38515625 0.3125 0.0671875 0.31328125
2 0.36171875 0.221875 0.05859375 0.278125
0 0.38984375 0.178125 0.02265625 0.04140625
0 0.37109375 0.10234375 0.01875 0.03515625
2 0.4515625 0.19453125 0.0625 0.278125
0 0.45625 0.0734375 0.0171875 0.03359375
1 0.38046875 0.365625 0.02109375 0.03203125
1 0.453125 0.278125 0.0171875 0.0265625
2 0.41328125 0.12578125 0.06015625 0.2484375
1 0.4203125 0.16640625 0.0171875 0.0265625
0 0.4203125 0.021875 0.02109375 0.03828125
0 0.884375 0.1109375 0.0203125 0.03984375