1 0.22109375 0.67109375 0.05 0.06328125
1 0.50546875 0.640625 0.0234375 0.03984375
1 0.6109375 0.59765625 0.0234375 0.03671875
0 0.178125 0.68359375 0.0359375 0.071875
0 0.0140625 0.8484375 0.028125 0.06875
0 0.5890625 0.7453125 0.0359375 0.0734375
0 0.515625 0.36484375 0.02734375 0.05
2 0.50703125 0.546875 0.0921875 0.41328125
2 0.6125 0.5296875 0.0828125 0.3796875
2 0.58671875 0.24453125 0.0546875 0.2703125
0 0.52578125 0.2296875 0.0203125 0.03828125
0 0.5921875 0.13203125 0.01640625 0.03828125
0 0.6265625 0.3703125 0.0203125 0.046875
0 0.61484375 0.3609375 0.02109375 0.03828125
0 0.5234375 0.0421875 0.01640625 0.03359375
0 0.49765625 0.26953125 0.025 0.0484375
2 0.82890625 0.7703125 0.1234375 0.4546875
0 0.8421875 0.57265625 0.02890625 0.06328125
1 0.85 0.87578125 0.0265625 0.03984375
2 0.57890625 0.85546875 0.12265625 0.28828125
2 0.1703125 0.815625 0.15234375 0.33203125
1 0.58828125 0.296875 0.01640625 0.03359375
2 0.44609375 0.16015625 0.04140625 0.25
0 0.52109375 0.14453125 0.0203125 0.03984375