2 0.315625 0.7390625 0.11640625 0.51015625
2 0.3828125 0.5 0.08125 0.38984375
2 0.4859375 0.34609375 0.0625 0.33359375
2 0.4578125 0.13359375 0.05234375 0.24296875
0 0.31484375 0.52265625 0.02890625 0.06328125
0 0.37421875 0.334375 0.03359375 0.06640625
0 0.48046875 0.19921875 0.0203125 0.03984375
0 0.46015625 0.03984375 0.02265625 0.03984375
0 0.3875 0.14140625 0.0265625 0.04296875
0 0.38203125 0.0109375 0.0125 0.021875
1 0.3140625 0.82578125 0.02890625 0.046875
1 0.3734375 0.56484375 0.0203125 0.03515625
1 0.478125 0.409375 0.0171875 0.03359375
1 0.4546875 0.1859375 0.0140625 0.0234375
1 0.1265625 0.39921875 0.0359375 0.0453125
1 0.25 0.1 0.0125 0.021875
1 0.3265625 0.0921875 0.0125 0.021875
2 0.3828125 0.24140625 0.06640625 0.275
2 0.38203125 0.078125 0.0484375 0.15625
2 0.25 0.07578125 0.0421875 0.1515625
2 0.328125 0.08359375 0.04609375 0.16640625