2 0.60859375 0.31328125 0.08359375 0.36171875
2 0.31953125 0.50390625 0.1046875 0.403125
2 0.103125 0.365625 0.07890625 0.325
2 0.1671875 0.3875 0.0765625 0.39140625
2 0.21015625 0.3359375 0.0578125 0.321875
2 0.26484375 0.3609375 0.07109375 0.34140625
2 0.403125 0.36796875 0.08125 0.38984375
2 0.4734375 0.340625 0.09375 0.39140625
2 0.5390625 0.3640625 0.0921875 0.378125
0 0.0171875 0.17890625 0.025 0.03515625
0 0.01875 0.21484375 0.0265625 0.0484375
0 0.09453125 0.221875 0.025 0.05
0 0.16640625 0.23359375 0.0265625 0.053125
0 0.20625 0.19921875 0.02265625 0.04140625
0 0.26171875 0.22421875 0.02265625 0.04140625
0 0.31328125 0.3359375 0.0265625 0.053125
0 0.384375 0.20078125 0.0203125 0.05
0 0.33515625 0.25703125 0.02265625 0.04296875
0 0.340625 0.20078125 0.02265625 0.06171875
0 0.5546875 0.03828125 0.02109375 0.04296875
0 0.6046875 0.1625 0.0203125 0.03515625
0 0.46796875 0.1859375 0.02109375 0.04140625
0 0.5328125 0.2046875 0.0234375 0.0484375
0 0.04453125 0.87421875 0.0453125 0.08515625
0 0.2296875 0.90078125 0.0484375 0.078125
1 0.09296875 0.43515625 0.0203125 0.0296875
1 0.16953125 0.49765625 0.02265625 0.03515625
1 0.2546875 0.41015625 0.0203125 0.03359375
1 0.3453125 0.46328125 0.02109375 0.0296875
1 0.40546875 0.4234375 0.01875 0.028125
1 0.4625 0.44140625 0.01875 0.03359375
1 0.5390625 0.44140625 0.0203125 0.03203125
1 0.60625 0.3703125 0.0171875 0.03203125
1 0.32734375 0.571875 0.02265625 0.03515625
1 0.2046875 0.41953125 0.01875 0.0296875