2 0.1890625 0.6734375 0.10859375 0.4765625
2 0.3828125 0.740625 0.0921875 0.4984375
2 0.62890625 0.36796875 0.0765625 0.33203125
2 0.290625 0.31953125 0.0609375 0.3234375
2 0.69609375 0.1875 0.11015625 0.28671875
0 0.1640625 0.50390625 0.02265625 0.0546875
0 0.1859375 0.47265625 0.0296875 0.06796875
1 0.1828125 0.8046875 0.025 0.0484375
1 0.3796875 0.93984375 0.0265625 0.0453125
0 0.3703125 0.54765625 0.0328125 0.0703125
0 0.2578125 0.87421875 0.03984375 0.08515625
0 0.2828125 0.18203125 0.02109375 0.03984375
1 0.29140625 0.378125 0.0171875 0.025
1 0.6359375 0.43359375 0.0203125 0.03203125
0 0.68828125 0.06953125 0.0171875 0.0296875
0 0.6265625 0.2234375 0.02109375 0.04140625
2 0.3765625 0.1109375 0.0625 0.221875
2 0.22109375 0.10546875 0.0609375 0.2109375
2 0.2765625 0.146875 0.0515625 0.171875
0 0.27578125 0.0921875 0.0171875 0.03671875
0 0.36875 0.0109375 0.01640625 0.021875
1 0.21640625 0.12734375 0.01484375 0.0234375
1 0.37578125 0.17265625 0.01640625 0.0265625
1 0.33359375 0.02265625 0.0140625 0.021875