2 0.29453125 0.6671875 0.11640625 0.45703125
2 0.05625 0.67109375 0.09765625 0.44296875
2 0.51328125 0.68828125 0.1015625 0.46015625
2 0.74765625 0.62109375 0.09765625 0.475
2 0.38125 0.1875 0.06640625 0.28359375
2 0.271875 0.1640625 0.05390625 0.2703125
0 0.03984375 0.48984375 0.0296875 0.05703125
0 0.27890625 0.47578125 0.0296875 0.0515625
0 0.4953125 0.478125 0.02734375 0.0546875
1 0.26640625 0.75078125 0.0265625 0.04140625
1 0.50625 0.834375 0.0265625 0.03984375
0 0.32109375 0.165625 0.0203125 0.028125
0 0.26953125 0.0515625 0.01484375 0.0296875
1 0.27109375 0.2078125 0.0140625 0.021875
0 0.37265625 0.0703125 0.01640625 0.03828125
1 0.378125 0.240625 0.01484375 0.0234375
1 0.76953125 0.6953125 0.025 0.03671875
0 0.74609375 0.41484375 0.025 0.046875
0 0.525 0.3203125 0.0265625 0.053125
0 0.5328125 0.2546875 0.02265625 0.0484375
1 0.1375 0.365625 0.02734375 0.0453125
1 0.0453125 0.74765625 0.0234375 0.03828125
2 0.0203125 0.228125 0.0390625 0.29296875
1 0.01640625 0.29453125 0.01484375 0.0234375
0 0.00625 0.1046875 0.01015625 0.03359375
2 0.325 0.22265625 0.0671875 0.1546875
2 0.53046875 0.4890625 0.0875 0.371875
1 0.55546875 0.45 0.01640625 0.03515625
1 0.4265625 0.05546875 0.0125 0.021875
1 0.33828125 0.6375 0.03515625 0.05