2 0.0984375 0.18359375 0.0578125 0.26484375
0 0.0953125 0.06484375 0.0171875 0.0234375
1 0.0984375 0.23046875 0.0171875 0.0265625
1 0.0875 0.0328125 0.0109375 0.01796875
2 0.13359375 0.259375 0.0625 0.3046875
0 0.1265625 0.12734375 0.0203125 0.03984375
1 0.1265625 0.3171875 0.0171875 0.028125
2 0.1515625 0.12578125 0.05625 0.23203125
2 0.2421875 0.259375 0.07109375 0.3015625
1 0.23984375 0.32109375 0.0203125 0.0296875
0 0.2328125 0.13046875 0.02265625 0.04140625
2 0.2453125 0.1265625 0.05234375 0.21328125
0 0.240625 0.03515625 0.01484375 0.028125
2 0.3015625 0.17734375 0.06640625 0.28984375
0 0.2984375 0.04921875 0.01640625 0.028125
1 0.3015625 0.23203125 0.01640625 0.01796875
2 0.36328125 0.2453125 0.06640625 0.3046875
0 0.3546875 0.11484375 0.0203125 0.04296875
1 0.36171875 0.30703125 0.01875 0.0265625
2 0.38828125 0.13359375 0.05234375 0.23203125
2 0.4765625 0.2359375 0.0625 0.28984375
0 0.47265625 0.11015625 0.0203125 0.03515625
1 0.47734375 0.2796875 0.0171875 0.028125
2 0.44453125 0.6921875 0.1015625 0.44140625
0 0.440625 0.4953125 0.0265625 0.04140625
1 0.4546875 0.78046875 0.0296875 0.0453125
2 0.68984375 0.85078125 0.125 0.2984375
0 0.70703125 0.7375 0.0359375 0.06015625