2 0.4265625 0.18984375 0.05234375 0.25703125
0 0.45 0.5484375 0.0390625 0.0734375
0 0.45078125 0.69765625 0.0265625 0.071875
0 0.7046875 0.81015625 0.0359375 0.0765625
0 0.42578125 0.0828125 0.0171875 0.03359375
1 0.04453125 0.22421875 0.0234375 0.03984375
1 0.2546875 0.2734375 0.02890625 0.03828125
1 0.41875 0.2484375 0.01484375 0.025
1 0.50078125 0.12109375 0.0125 0.0234375
1 0.3703125 0.15078125 0.01484375 0.021875
2 0.3625 0.10546875 0.046875 0.2109375
2 0.31484375 0.10390625 0.0390625 0.2078125
0 0.3125 0.01015625 0.0125 0.0203125
2 0.45390625 0.8328125 0.1078125 0.334375
2 0.46484375 0.11015625 0.04765625 0.2203125
2 0.615625 0.08203125 0.0375 0.15859375
2 0.49921875 0.09453125 0.04375 0.18828125
1 0.5875 0.0515625 0.0140625 0.025
1 0.46484375 0.14296875 0.0125 0.028125
1 0.2109375 0.05078125 0.0140625 0.0234375