2 0.3625 0.62265625 0.11640625 0.45859375
2 0.16953125 0.453125 0.10234375 0.38984375
2 0.28828125 0.415625 0.10390625 0.3765625
2 0.38203125 0.12421875 0.05859375 0.23203125
1 0.0296875 0.38828125 0.0328125 0.05703125
1 0.1453125 0.5890625 0.02265625 0.03828125
1 0.35078125 0.69609375 0.0265625 0.04296875
0 0.07265625 0.92109375 0.0484375 0.08671875
0 0.29921875 0.26640625 0.0203125 0.05
0 0.3609375 0.425 0.02734375 0.0515625
0 0.16796875 0.28984375 0.025 0.053125
1 0.2546875 0.0890625 0.0125 0.0203125
1 0.3828125 0.15546875 0.01484375 0.0234375
2 0.25234375 0.0859375 0.05 0.16171875