2 0.390625 0.63359375 0.1015625 0.46015625
2 0.1578125 0.3421875 0.06875 0.33828125
2 0.3078125 0.31171875 0.0671875 0.328125
2 0.434375 0.31328125 0.0671875 0.325
2 0.08203125 0.63984375 0.09375 0.41640625
2 0.05703125 0.45078125 0.10390625 0.36171875
2 0.415625 0.13828125 0.0875 0.26796875
2 0.32265625 0.11640625 0.0921875 0.2328125
0 0.37578125 0.45078125 0.0265625 0.05
0 0.4953125 0.80859375 0.03515625 0.0765625
0 0.3921875 0.45078125 0.0234375 0.06328125
0 0.4265625 0.1796875 0.0234375 0.03984375
0 0.0703125 0.46015625 0.02890625 0.0546875
0 0.0546875 0.7734375 0.0515625 0.08359375
0 0.15625 0.19765625 0.0203125 0.03984375
0 0.31015625 0.17578125 0.0234375 0.0515625
0 0.4109375 0.02578125 0.01484375 0.03203125
1 0.2984375 0.378125 0.01875 0.028125
1 0.43515625 0.3734375 0.01875 0.03203125
1 0.375 0.73984375 0.0265625 0.03828125
1 0.14921875 0.40546875 0.01875 0.0265625
0 0.0328125 0.28359375 0.0203125 0.03828125
0 0.3328125 0.35078125 0.0203125 0.0453125
2 0.07109375 0.8640625 0.11640625 0.2515625