2 0.19765625 0.7078125 0.12890625 0.48515625
0 0.203125 0.49765625 0.03515625 0.053125
1 0.17734375 0.8296875 0.03359375 0.0546875
1 0.3515625 0.4765625 0.0359375 0.06015625
2 0.23359375 0.23515625 0.0875 0.31796875
1 0.2265625 0.29140625 0.02109375 0.03359375
2 0.3359375 0.1015625 0.06484375 0.1984375
1 0.33359375 0.12421875 0.01640625 0.0265625
0 0.2375 0.1015625 0.025 0.0484375
2 0.46328125 0.1078125 0.0640625 0.20859375
1 0.4625 0.13359375 0.01484375 0.025
1 0.50546875 0.040625 0.0125 0.021875
2 0.63046875 0.2875 0.0890625 0.2953125
0 0.6390625 0.1625 0.02109375 0.03671875
1 0.6203125 0.334375 0.0203125 0.03515625
0 0.8203125 0.1546875 0.01875 0.03671875
0 0.88359375 0.125 0.01875 0.03203125
1 0.1078125 0.0609375 0.02265625 0.03671875