2 0.2328125 0.2859375 0.07734375 0.34140625
2 0.12109375 0.2875 0.09140625 0.3234375
2 0.2859375 0.3203125 0.0859375 0.33671875
2 0.37109375 0.33046875 0.0921875 0.396875
2 0.4921875 0.34609375 0.09375 0.35859375
2 0.5953125 0.24140625 0.0828125 0.31484375
2 0.0484375 0.26484375 0.0578125 0.325
0 0.05546875 0.11953125 0.01875 0.03203125
0 0.1296875 0.15234375 0.02734375 0.046875
0 0.0578125 0.08828125 0.02265625 0.03984375
0 0.2421875 0.14140625 0.0171875 0.03828125
0 0.296875 0.171875 0.0265625 0.04296875
0 0.37109375 0.17265625 0.0203125 0.04140625
0 0.5046875 0.1890625 0.0203125 0.03828125
0 0.6015625 0.121875 0.0203125 0.03984375
0 0.4921875 0.18984375 0.0140625 0.03828125
0 0.2203125 0.74921875 0.0359375 0.078125
1 0.04296875 0.2953125 0.0171875 0.0296875
1 0.10625 0.3609375 0.0171875 0.0296875
1 0.21640625 0.36953125 0.01875 0.0296875
1 0.27109375 0.36796875 0.0203125 0.028125
1 0.3578125 0.378125 0.0203125 0.03203125
1 0.46875 0.44453125 0.0171875 0.0296875
1 0.6046875 0.29296875 0.01640625 0.0234375
2 0.2109375 0.8375 0.15390625 0.275