2 0.07109375 0.28671875 0.0734375 0.325
0 0.075 0.15 0.025 0.04296875
1 0.0578125 0.33984375 0.0203125 0.03359375
1 0.11640625 0.4078125 0.0203125 0.03203125
1 0.16953125 0.47421875 0.02265625 0.03515625
1 0.2359375 0.603125 0.0234375 0.0453125
1 0.1125 0.79453125 0.02890625 0.04296875
1 0.309375 0.4609375 0.0234375 0.03828125
1 0.4359375 0.55078125 0.0234375 0.03984375
1 0.51640625 0.45234375 0.02109375 0.03359375
1 0.65859375 0.45390625 0.0203125 0.0296875
1 0.60703125 0.3265625 0.01875 0.0296875
1 0.8546875 0.38828125 0.0203125 0.03359375
1 0.95625 0.53828125 0.0234375 0.03828125
1 0.28359375 0.41015625 0.0234375 0.03671875
2 0.665625 0.35390625 0.0859375 0.35
2 0.83515625 0.33671875 0.0890625 0.3203125
2 0.9515625 0.46484375 0.0875 0.3546875
2 0.634375 0.27421875 0.08359375 0.2984375
2 0.5296875 0.38359375 0.0875 0.33984375
2 0.46640625 0.49140625 0.09765625 0.3796875
2 0.3296875 0.40546875 0.08359375 0.3546875
2 0.290625 0.35 0.05859375 0.321875
2 0.246875 0.52578125 0.0921875 0.40703125
2 0.14375 0.70703125 0.11484375 0.4765625
2 0.16953125 0.40390625 0.0875 0.3703125
2 0.1140625 0.340625 0.08515625 0.33515625
0 0.1671875 0.15859375 0.02265625 0.0484375
0 0.2484375 0.17421875 0.02265625 0.04140625
0 0.20625 0.21484375 0.0234375 0.03984375
0 0.29140625 0.2109375 0.0234375 0.03984375
0 0.35 0.17421875 0.02265625 0.046875
0 0.40078125 0.31171875 0.025 0.0453125
0 0.4046875 0.2296875 0.0234375 0.03984375
0 0.49765625 0.0921875 0.0234375 0.03515625
0 0.53515625 0.24296875 0.025 0.053125
0 0.6671875 0.203125 0.02265625 0.03984375
0 0.8265625 0.2 0.025 0.04296875
0 0.1203125 0.20078125 0.025 0.03984375
0 0.13203125 0.1921875 0.02265625 0.0296875
0 0.178125 0.24296875 0.02890625 0.0453125
0 0.25 0.3546875 0.02890625 0.0546875
0 0.140625 0.50390625 0.03359375 0.06015625
0 0.4703125 0.33046875 0.0265625 0.053125
0 0.95390625 0.31796875 0.02265625 0.0515625
0 0.96640625 0.31796875 0.01484375 0.046875
2 0.39765625 0.4703125 0.08515625 0.36328125
0 0.25 0.24296875 0.0234375 0.05703125