2 0.4609375 0.4265625 0.0640625 0.3484375
2 0.29765625 0.41171875 0.0765625 0.34296875
2 0.203125 0.5390625 0.08515625 0.41640625
2 0.1078125 0.38046875 0.07734375 0.3703125
2 0.0609375 0.80390625 0.11875 0.39140625
2 0.64765625 0.24921875 0.15625 0.29296875
2 0.24453125 0.16484375 0.05234375 0.26015625
1 0.146875 0.11640625 0.02265625 0.03203125
1 0.23984375 0.21015625 0.0125 0.025
1 0.1 0.44921875 0.01875 0.0265625
1 0.19921875 0.64296875 0.0234375 0.03828125
1 0.29296875 0.534375 0.0234375 0.04140625
1 0.4578125 0.53203125 0.0203125 0.03359375
1 0.37265625 0.14453125 0.0125 0.01640625
1 0.46328125 0.17421875 0.0125 0.025
0 0.2421875 0.0515625 0.0171875 0.03359375
0 0.2921875 0.1015625 0.01640625 0.03359375
0 0.29921875 0.2734375 0.02109375 0.0453125
0 0.2046875 0.36328125 0.0234375 0.03828125
0 0.1078125 0.225 0.02265625 0.04296875
0 0.459375 0.28515625 0.0234375 0.0484375
0 0.659375 0.13046875 0.01484375 0.03203125
0 0.6890625 0.13046875 0.0171875 0.03515625
0 0.88359375 0.11796875 0.0171875 0.03671875
0 0.8765625 0.2203125 0.0140625 0.03203125
0 0.05390625 0.64765625 0.03359375 0.075
2 0.37421875 0.1125 0.03984375 0.196875
2 0.29453125 0.2015625 0.05625 0.23828125
2 0.465625 0.1265625 0.04609375 0.21796875