2 0.240625 0.13671875 0.0671875 0.21640625
2 0.28125 0.30234375 0.07890625 0.303125
2 0.14765625 0.87734375 0.1234375 0.24140625
2 0.1828125 0.6921875 0.13359375 0.45703125
2 0.2109375 0.1859375 0.0734375 0.30703125
2 0.7328125 0.18828125 0.1 0.28671875
2 0.071875 0.80703125 0.128125 0.3859375
0 0.05546875 0.66015625 0.03984375 0.06796875
2 0.11796875 0.128125 0.0671875 0.18203125
2 0.44765625 0.403125 0.09375 0.3765625
2 0.4265625 0.121875 0.06484375 0.24296875
0 0.1640625 0.48828125 0.0296875 0.0546875
1 0.1140625 0.1609375 0.01484375 0.0234375
2 0.48203125 0.059375 0.05625 0.11796875
1 0.0578125 0.98671875 0.03359375 0.025
1 0.2453125 0.1796875 0.0171875 0.0265625
1 0.21328125 0.2421875 0.0171875 0.0265625
1 0.4234375 0.16015625 0.0171875 0.0265625
2 0.36640625 0.075 0.05234375 0.13671875
1 0.28203125 0.390625 0.0203125 0.03203125
1 0.17578125 0.81015625 0.03125 0.046875
0 0.415625 0.0171875 0.01875 0.03359375
0 0.72578125 0.06796875 0.02109375 0.03515625
2 0.2859375 0.15 0.06640625 0.23828125
1 0.45546875 0.46171875 0.025 0.03359375
0 0.26953125 0.17421875 0.0203125 0.03359375
0 0.1296875 0.80703125 0.0453125 0.08203125
0 0.2796875 0.04765625 0.01875 0.03671875
1 0.4765625 0.04140625 0.01484375 0.01640625
0 0.2 0.075 0.0203125 0.03671875
1 0.3671875 0.07265625 0.01640625 0.028125
1 0.7640625 0.25390625 0.0203125 0.03359375