2 0.09921875 0.246875 0.08125 0.3453125
2 0.06015625 0.0984375 0.0578125 0.196875
2 0.16640625 0.13203125 0.0703125 0.26328125
2 0.390625 0.3203125 0.07734375 0.278125
2 0.5953125 0.278125 0.125 0.33984375
1 0.0953125 0.30859375 0.01484375 0.025
1 0.05078125 0.14296875 0.0140625 0.0234375
1 0.15703125 0.17890625 0.01640625 0.025
1 0.39140625 0.428125 0.02109375 0.0296875
1 0.63984375 0.346875 0.0171875 0.03203125
0 0.0953125 0.11171875 0.0203125 0.04140625
0 0.1625 0.01796875 0.01640625 0.03203125
0 0.3921875 0.20859375 0.0203125 0.04296875
0 0.5921875 0.1578125 0.0234375 0.05
2 0.0359375 0.55546875 0.0578125 0.4515625