2 0.10078125 0.2203125 0.09375 0.346875
2 0.07421875 0.084375 0.0640625 0.16796875
2 0.1765625 0.121875 0.07734375 0.24296875
2 0.38359375 0.31796875 0.0875 0.2796875
2 0.590625 0.29296875 0.1359375 0.3453125
1 0.09140625 0.28046875 0.01640625 0.025
1 0.0609375 0.1125 0.01484375 0.025
1 0.1625 0.1578125 0.0171875 0.0265625
1 0.3765625 0.4265625 0.0203125 0.0296875
1 0.6296875 0.36484375 0.0171875 0.03359375
0 0.10703125 0.084375 0.02265625 0.04296875
0 0.18046875 0.00703125 0.01640625 0.01328125
0 0.39453125 0.2078125 0.02265625 0.0453125
0 0.59765625 0.17265625 0.025 0.0484375
2 0.025 0.521875 0.05 0.453125