2 0.4890625 0.6109375 0.09140625 0.446875
2 0.29765625 0.61484375 0.1 0.4546875
2 0.38984375 0.3453125 0.07734375 0.321875
2 0.1625 0.51953125 0.0921875 0.41171875
2 0.04765625 0.60859375 0.0859375 0.46171875
2 0.4515625 0.11953125 0.0625 0.23828125
2 0.090625 0.296875 0.07265625 0.31328125
2 0.1453125 0.06328125 0.0453125 0.1265625
2 0.06171875 0.14296875 0.06015625 0.2546875
0 0.1546875 0.34609375 0.02890625 0.053125
0 0.2890625 0.41796875 0.0296875 0.053125
0 0.49296875 0.42578125 0.02890625 0.06328125
0 0.521875 0.86484375 0.0375 0.0703125
0 0.2859375 0.26953125 0.0234375 0.03515625
0 0.065625 0.0390625 0.01875 0.03984375
0 0.0421875 0.4109375 0.0265625 0.05859375
0 0.12734375 0.25703125 0.0234375 0.03828125
0 0.0125 0.24140625 0.01484375 0.03984375
1 0.2765625 0.71640625 0.0234375 0.03984375
1 0.0390625 0.7 0.025 0.04296875
1 0.1484375 0.6046875 0.0234375 0.03828125
1 0.11953125 0.4875 0.02109375 0.03828125
1 0.0875 0.3609375 0.02109375 0.03671875
1 0.3875 0.40078125 0.02109375 0.03203125
1 0.4921875 0.6765625 0.025 0.03828125
1 0.4515625 0.1515625 0.01484375 0.021875
1 0.2296875 0.13515625 0.02265625 0.03515625
1 0.14375 0.0671875 0.01484375 0.0203125
1 0.08984375 0.02734375 0.01484375 0.0234375
1 0.0640625 0.1953125 0.0171875 0.025
1 0.3484375 0.02578125 0.01875 0.0296875
2 0.0265625 0.3921875 0.05 0.3484375
2 0.05234375 0.075 0.03984375 0.15
2 0.1265625 0.4171875 0.05859375 0.36015625
2 0.28828125 0.37734375 0.08125 0.25859375