2 0.14609375 0.41015625 0.0859375 0.325
2 0.30234375 0.34609375 0.08359375 0.3234375
2 0.23828125 0.53515625 0.1046875 0.36796875
2 0.515625 0.1609375 0.06640625 0.2765625
2 0.41640625 0.33671875 0.07265625 0.31015625
0 0.47578125 0.20234375 0.0265625 0.0484375
2 0.48828125 0.353125 0.08515625 0.346875
1 0.51875 0.21171875 0.0203125 0.028125
1 0.2203125 0.61015625 0.02265625 0.03359375
0 0.20546875 0.19453125 0.0234375 0.03984375
1 0.484375 0.409375 0.0203125 0.028125
1 0.2890625 0.396875 0.02265625 0.0296875
1 0.146875 0.4796875 0.02265625 0.03203125
0 0.4 0.2 0.02265625 0.03828125
0 0.2015625 0.27578125 0.0265625 0.04140625
1 0.4203125 0.390625 0.02109375 0.025
0 0.46484375 0.1234375 0.02109375 0.03671875
0 0.2390625 0.2328125 0.0203125 0.03359375
0 0.5078125 0.0421875 0.01875 0.0296875
0 0.1375 0.20703125 0.0203125 0.03203125
0 0.2859375 0.2 0.0234375 0.046875
0 0.22890625 0.3625 0.025 0.03984375
0 0.14765625 0.2671875 0.0234375 0.03984375
2 0.6078125 0.234375 0.0859375 0.38515625
1 0.21015625 0.51796875 0.02109375 0.03515625
2 0.20625 0.425 0.0703125 0.34140625
2 0.25078125 0.3625 0.0703125 0.28984375