1 0.3484375 0.68203125 0.0765625 0.0765625
1 0.1046875 0.34140625 0.0921875 0.06484375
0 0.3734375 0.15703125 0.1109375 0.10703125
0 0.56640625 0.11640625 0.0265625 0.03515625
0 0.7171875 0.090625 0.03125 0.03671875
1 0.715625 0.26171875 0.0265625 0.0234375
1 0.56171875 0.2625 0.0234375 0.0234375
2 0.3796875 0.471875 0.3015625 0.7796875
2 0.71640625 0.21171875 0.1078125 0.28671875
2 0.571875 0.22109375 0.0890625 0.25703125
2 0.93671875 0.15078125 0.05234375 0.11796875
2 0.8734375 0.17109375 0.06484375 0.196875