2 0.5984375 0.4640625 0.09140625 0.39140625
2 0.4359375 0.4484375 0.07890625 0.3546875
2 0.4859375 0.3265625 0.0828125 0.3265625
2 0.2796875 0.653125 0.1015625 0.446875
2 0.1765625 0.3578125 0.08515625 0.36640625
2 0.146875 0.28828125 0.06484375 0.28671875
2 0.26875 0.38046875 0.0765625 0.3234375
2 0.50859375 0.0671875 0.0421875 0.134375
2 0.4390625 0.0578125 0.04140625 0.11484375
2 0.065625 0.7859375 0.11640625 0.41015625
2 0.578125 0.25546875 0.0703125 0.3234375
0 0.19296875 0.76328125 0.0390625 0.06484375
0 0.42265625 0.7234375 0.0390625 0.0796875
0 0.278125 0.46171875 0.03125 0.05
0 0.27421875 0.25 0.02734375 0.05
0 0.175 0.2 0.03515625 0.05
0 0.60078125 0.29765625 0.02734375 0.05703125
0 0.48828125 0.19296875 0.02265625 0.04296875
0 0.14921875 0.16171875 0.0171875 0.03203125
1 0.0859375 0.22109375 0.0234375 0.03828125
1 0.14296875 0.328125 0.0203125 0.03203125
1 0.1625 0.41796875 0.0203125 0.03515625
1 0.04765625 0.96796875 0.03125 0.04140625
1 0.2671875 0.7453125 0.02734375 0.03671875
1 0.4328125 0.5640625 0.02265625 0.03671875
1 0.4828125 0.425 0.0203125 0.03359375
1 0.334375 0.31328125 0.0296875 0.03515625
1 0.5953125 0.56484375 0.02265625 0.03671875
1 0.51015625 0.05390625 0.0125 0.0203125
1 0.43828125 0.06953125 0.0109375 0.0234375
1 0.309375 0.05234375 0.0140625 0.01796875
1 0.18671875 0.028125 0.0125 0.01796875
2 0.41953125 0.83984375 0.10859375 0.31796875
0 0.0015625 0.78359375 0.00234375 0.0703125
2 0.496875 0.72421875 0.0984375 0.43359375
2 0.190625 0.8609375 0.13359375 0.26640625