2 0.1421875 0.7609375 0.10234375 0.4734375
2 0.16328125 0.478125 0.0765625 0.36171875
2 0.40703125 0.790625 0.1125 0.403125
2 0.259375 0.39609375 0.08125 0.36484375
2 0.25703125 0.1375 0.0515625 0.24140625
0 0.1328125 0.55859375 0.0328125 0.06640625
0 0.1546875 0.32578125 0.02734375 0.046875
0 0.259375 0.25234375 0.02890625 0.04296875
0 0.2578125 0.04296875 0.02109375 0.03984375
0 0.3984375 0.6421875 0.02890625 0.071875
0 0.91796875 0.0609375 0.0171875 0.04296875
0 0.8875 0.16796875 0.0171875 0.03359375
0 0.8890625 0.7546875 0.0328125 0.0796875
1 0.12421875 0.9171875 0.02734375 0.05
1 0.38359375 0.96171875 0.02734375 0.05
1 0.41015625 0.096875 0.0125 0.0234375
2 0.87265625 0.84609375 0.1140625 0.271875
2 0.40625 0.0875 0.04765625 0.175
1 0.25703125 0.44609375 0.0203125 0.03671875
1 0.15390625 0.575 0.01875 0.04140625