2 0.03203125 0.503125 0.0640625 0.3765625
1 0.0140625 0.56328125 0.02265625 0.04296875
2 0.0953125 0.4328125 0.0734375 0.36796875
0 0.09140625 0.2703125 0.02265625 0.04296875
1 0.09375 0.49921875 0.0234375 0.03671875
2 0.13515625 0.29296875 0.0609375 0.31328125
2 0.240625 0.3625 0.07734375 0.3203125
2 0.23828125 0.1796875 0.05234375 0.171875
2 0.2890625 0.553125 0.09375 0.421875
2 0.42734375 0.54765625 0.09765625 0.3984375
2 0.61015625 0.48671875 0.08359375 0.375
2 0.51015625 0.13671875 0.05234375 0.2515625
2 0.35390625 0.1203125 0.05 0.2203125
0 0.1328125 0.16328125 0.02109375 0.0515625
1 0.1328125 0.3484375 0.01875 0.0296875
1 0.24375 0.446875 0.0203125 0.03515625
0 0.2421875 0.2234375 0.02265625 0.03828125
0 0.23671875 0.1140625 0.0171875 0.03515625
0 0.28046875 0.36953125 0.02265625 0.0484375
0 0.29609375 0.3828125 0.01484375 0.05859375
1 0.29296875 0.634375 0.0234375 0.03828125
1 0.4265625 0.621875 0.02265625 0.03671875
0 0.43046875 0.37578125 0.0265625 0.0484375
1 0.3578125 0.16015625 0.0140625 0.0265625
1 0.5109375 0.19140625 0.0140625 0.025
0 0.5109375 0.02578125 0.01484375 0.028125
1 0.6234375 0.565625 0.02109375 0.03671875
0 0.609375 0.321875 0.0234375 0.03828125