2 0.5859375 0.69296875 0.09609375 0.475
2 0.30078125 0.2546875 0.06875 0.321875
2 0.4078125 0.153125 0.0640625 0.2734375
2 0.6015625 0.396875 0.09609375 0.35859375
2 0.1640625 0.7671875 0.11640625 0.43203125
2 0.12734375 0.6640625 0.07265625 0.4234375
2 0.25546875 0.15859375 0.0625 0.26171875
2 0.10234375 0.53671875 0.09609375 0.3515625
1 0.08359375 0.66328125 0.025 0.03984375
1 0.109375 0.7515625 0.02734375 0.04140625
1 0.14140625 0.9046875 0.03125 0.0484375
1 0.3578125 0.6078125 0.03515625 0.06015625
1 0.56875 0.77421875 0.0265625 0.04140625
1 0.609375 0.47265625 0.02109375 0.03203125
1 0.29453125 0.32109375 0.01640625 0.0265625
1 0.4078125 0.196875 0.0171875 0.028125
1 0.47421875 0.09140625 0.01015625 0.01640625
1 0.25078125 0.2046875 0.01484375 0.025
0 0.159375 0.59296875 0.0359375 0.06484375
0 0.6 0.24140625 0.02265625 0.0453125
0 0.5046875 0.89453125 0.04375 0.08359375
0 0.5890625 0.48828125 0.0296875 0.0546875
0 0.1109375 0.38515625 0.02734375 0.0546875
0 0.1328125 0.4828125 0.03359375 0.0515625
0 0.29921875 0.11640625 0.0140625 0.03203125
0 0.4140625 0.05 0.0203125 0.03828125
0 0.4078125 0.03671875 0.0140625 0.03515625
0 0.253125 0.05078125 0.02109375 0.04140625
0 0.0046875 0.87421875 0.009375 0.1015625