2 0.4421875 0.17421875 0.06640625 0.26171875
0 0.4421875 0.53359375 0.0421875 0.0765625
0 0.434375 0.68203125 0.0296875 0.0734375
0 0.6796875 0.81171875 0.03984375 0.08203125
0 0.44609375 0.06640625 0.0203125 0.03515625
1 0.0578125 0.18046875 0.0265625 0.04296875
1 0.2640625 0.2453125 0.0296875 0.03984375
1 0.4296875 0.23046875 0.01640625 0.0265625
1 0.51953125 0.109375 0.0140625 0.025
1 0.3875 0.13046875 0.01640625 0.0234375
2 0.38359375 0.096875 0.0578125 0.19296875
2 0.3359375 0.09296875 0.05 0.1859375
2 0.4296875 0.8171875 0.1265625 0.3453125
2 0.48359375 0.10390625 0.0578125 0.2078125
2 0.63515625 0.0796875 0.0453125 0.159375
2 0.51953125 0.0890625 0.05390625 0.178125
1 0.6109375 0.046875 0.01484375 0.025
1 0.4828125 0.1296875 0.0140625 0.028125
1 0.23515625 0.01953125 0.01484375 0.0234375