2 0.47890625 0.3953125 0.07734375 0.353125
2 0.315625 0.37890625 0.0890625 0.3453125
2 0.2203125 0.50546875 0.1 0.41796875
2 0.1265625 0.34765625 0.09140625 0.371875
2 0.07734375 0.77265625 0.13515625 0.4015625
2 0.66640625 0.2203125 0.1671875 0.3015625
2 0.26328125 0.1328125 0.0640625 0.26328125
1 0.165625 0.0828125 0.0234375 0.03203125
1 0.25859375 0.17734375 0.0140625 0.0265625
1 0.1171875 0.41484375 0.0203125 0.028125
1 0.21640625 0.61015625 0.025 0.03828125
1 0.3109375 0.5015625 0.0265625 0.04140625
1 0.475 0.5 0.02109375 0.03515625
1 0.3921875 0.1125 0.0140625 0.01796875
1 0.48203125 0.14296875 0.0140625 0.0265625
0 0.26171875 0.01953125 0.0203125 0.03359375
0 0.3109375 0.06796875 0.0171875 0.03359375
0 0.3171875 0.240625 0.02265625 0.046875
0 0.2234375 0.3296875 0.025 0.03828125
0 0.1265625 0.19140625 0.0234375 0.0453125
0 0.47734375 0.253125 0.025 0.0484375
0 0.678125 0.10078125 0.01640625 0.03359375
0 0.7078125 0.1015625 0.02109375 0.03671875
0 0.90234375 0.090625 0.01875 0.03671875
0 0.8953125 0.19140625 0.01484375 0.03359375
0 0.0703125 0.6125 0.0359375 0.0765625
2 0.39375 0.0890625 0.04765625 0.178125
2 0.31328125 0.16953125 0.06640625 0.24296875
2 0.48515625 0.10234375 0.0546875 0.2046875